[{"fx":5200.18994140625,"fy":5199.44873046875,"height":1999,"id":0,"img_name":"frame_00001.JPG","position":[0.8778075575828552,0.08898842334747314,0.15711155533790588],"rotation":[[-0.15807250142097473,0.7078449726104736,-0.688453733921051],[0.9806378483772278,0.19415831565856934,-0.025532418861985207],[0.11559602618217468,-0.6791597604751587,-0.724830687046051]],"width":3007},{"fx":5200.18994140625,"fy":5199.44873046875,"height":1999,"id":1,"img_name":"frame_00002.JPG","position":[0.8824901580810547,-0.06852798163890839,0.1176215186715126],"rotation":[[-0.07069709151983261,0.7144349217414856,-0.6961211562156677],[0.9845301508903503,0.16213925182819366,0.06641736626625061],[0.16031944751739502,-0.6806567311286926,-0.7148454785346985]],"width":3007},{"fx":5200.18994140625,"fy":5199.44873046875,"height":1999,"id":2,"img_name":"frame_00003.JPG","position":[0.6633754968643188,-0.03147398307919502,-0.08023128658533096],"rotation":[[-0.1003430038690567,0.7314008474349976,-0.6745250225067139],[0.9821105599403381,0.18138517439365387,0.050579823553562164],[0.15934297442436218,-0.6573828458786011,-0.7365172505378723]],"width":3007},{"fx":5200.18994140625,"fy":5199.44873046875,"height":1999,"id":3,"img_name":"frame_00004.JPG","position":[0.4164856970310211,0.4799286425113678,0.07420206815004349],"rotation":[[-0.6193931698799133,0.670235276222229,-0.4088236093521118],[0.7814890146255493,0.4766096770763397,-0.4026389718055725],[-0.07501354813575745,-0.5688830018043518,-0.8189902901649475]],"width":3007},{"fx":5200.18994140625,"fy":5199.44873046875,"height":1999,"id":4,"img_name":"frame_00005.JPG","position":[0.21705646812915802,0.7125449776649475,0.014688646420836449],"rotation":[[-0.8199173808097839,0.5210552215576172,-0.23714332282543182],[0.5477943420410156,0.5937475562095642,-0.5893939137458801],[-0.16630348563194275,-0.6131600737571716,-0.7722550630569458]],"width":3007},{"fx":5200.18994140625,"fy":5199.44873046875,"height":1999,"id":5,"img_name":"frame_00006.JPG","position":[-0.13768747448921204,0.7420656681060791,0.11020763963460922],"rotation":[[-0.9428794384002686,0.30151209235191345,0.1416645348072052],[0.15749746561050415,0.77817702293396,-0.6079761981964111],[-0.2935522794723511,-0.5509364604949951,-0.7812145352363586]],"width":3007},{"fx":5200.18994140625,"fy":5199.44873046875,"height":1999,"id":6,"img_name":"frame_00008.JPG","position":[-0.8568254709243774,0.45138177275657654,-0.3395591378211975],"rotation":[[-0.5155448317527771,-0.2530306577682495,0.8186507225036621],[-0.8145010471343994,0.44139987230300903,-0.3765026032924652],[-0.2660856246948242,-0.8608958125114441,-0.43365514278411865]],"width":3007},{"fx":5200.18994140625,"fy":5199.44873046875,"height":1999,"id":7,"img_name":"frame_00009.JPG","position":[-0.8760945796966553,0.2750886380672455,0.10582473874092102],"rotation":[[-0.5819993615150452,-0.4285318851470947,0.6911129951477051],[-0.7281929850578308,0.6529297828674316,-0.20836910605430603],[-0.361955463886261,-0.6245343089103699,-0.6920586228370667]],"width":3007},{"fx":5200.18994140625,"fy":5199.44873046875,"height":1999,"id":8,"img_name":"frame_00010.JPG","position":[-0.8611807823181152,0.17363473773002625,-0.4759749472141266],"rotation":[[-0.15869291126728058,-0.3715786039829254,0.9147381782531738],[-0.9753674864768982,-0.08477213978767395,-0.2036467045545578],[0.15321506559848785,-0.924523115158081,-0.34897294640541077]],"width":3007},{"fx":5200.18994140625,"fy":5199.44873046875,"height":1999,"id":9,"img_name":"frame_00011.JPG","position":[-1.0,-0.49519115686416626,0.0925288125872612],"rotation":[[0.3939288854598999,-0.5779178738594055,0.7147243618965149],[-0.9181356430053711,-0.2110573649406433,0.3353829085826874],[-0.04297594353556633,-0.7883309721946716,-0.6137486100196838]],"width":3007},{"fx":5200.18994140625,"fy":5199.44873046875,"height":1999,"id":10,"img_name":"frame_00013.JPG","position":[0.025121193379163742,-0.8902169466018677,-0.14414343237876892],"rotation":[[0.8089359402656555,0.5875012278556824,-0.021563267335295677],[0.36818230152130127,-0.47767671942710876,0.7976633310317993],[0.45832788944244385,-0.653197705745697,-0.602717399597168]],"width":3007},{"fx":5200.18994140625,"fy":5199.44873046875,"height":1999,"id":11,"img_name":"frame_00014.JPG","position":[-0.19547054171562195,-0.7680447101593018,0.08782891929149628],"rotation":[[0.3118271231651306,0.9293811917304993,0.19752077758312225],[0.6589580178260803,-0.36130470037460327,0.659722089767456],[0.6844984889030457,-0.07556135207414627,-0.7250877618789673]],"width":3007},{"fx":5200.18994140625,"fy":5199.44873046875,"height":1999,"id":12,"img_name":"frame_00015.JPG","position":[0.11212662607431412,-0.4698110520839691,0.24609002470970154],"rotation":[[0.999541699886322,-0.02897684834897518,-0.008760059252381325],[-0.022258682176470757,-0.8996336460113525,0.4360777735710144],[-0.020517004653811455,-0.43568292260169983,-0.8998663425445557]],"width":3007},{"fx":5200.18994140625,"fy":5199.44873046875,"height":1999,"id":13,"img_name":"frame_00016.JPG","position":[0.732794463634491,-0.2003670185804367,0.033804770559072495],"rotation":[[0.11467655748128891,0.7679702639579773,-0.630135715007782],[0.9858639240264893,-0.009980727918446064,0.1672506034374237],[0.12215428054332733,-0.6404077410697937,-0.7582587003707886]],"width":3007}]