[{"fx":582.1959228515625,"fy":578.1322631835938,"height":545,"id":0,"img_name":"000001.jpg","position":[0.34193211793899536,-0.7340806126594543,-0.18180136382579803],"rotation":[[0.9865152835845947,0.013408524915575981,-0.1631191074848175],[0.16013479232788086,0.12692931294441223,0.9789003133773804],[0.033830203115940094,-0.9918211102485657,0.12307053059339523]],"width":978},{"fx":582.1959228515625,"fy":578.1322631835938,"height":545,"id":1,"img_name":"000002.jpg","position":[0.3316369652748108,-0.761063814163208,-0.18912450969219208],"rotation":[[0.9871850609779358,0.017573684453964233,-0.15860909223556519],[0.1553039848804474,0.12273351103067398,0.9802128076553345],[0.036692600697278976,-0.9922840595245361,0.11843142658472061]],"width":978},{"fx":582.1959228515625,"fy":578.1322631835938,"height":545,"id":2,"img_name":"000003.jpg","position":[0.3410506248474121,-0.7955209016799927,-0.19512465596199036],"rotation":[[0.9724523425102234,0.021215492859482765,-0.23213428258895874],[0.22795294225215912,0.12159872055053711,0.9660492539405823],[0.048722442239522934,-0.9923526048660278,0.11341282725334167]],"width":978},{"fx":582.1959228515625,"fy":578.1322631835938,"height":545,"id":3,"img_name":"000004.jpg","position":[0.34818562865257263,-0.801424503326416,-0.1985025256872177],"rotation":[[0.9516202211380005,0.031280312687158585,-0.3056804835796356],[0.29981502890586853,0.12337778508663177,0.9459856748580933],[0.06730490922927856,-0.9918666481971741,0.10803048312664032]],"width":978},{"fx":582.1959228515625,"fy":578.1322631835938,"height":545,"id":4,"img_name":"000005.jpg","position":[0.3372609615325928,-0.7967379689216614,-0.19610509276390076],"rotation":[[0.9658571481704712,0.03136054798960686,-0.2571701407432556],[0.25162726640701294,0.12275004386901855,0.9600083827972412],[0.06167403981089592,-0.9919419884681702,0.11066783964633942]],"width":978},{"fx":582.1959228515625,"fy":578.1322631835938,"height":545,"id":5,"img_name":"000006.jpg","position":[0.30837711691856384,-0.7890132665634155,-0.19331802427768707],"rotation":[[0.9869016408920288,0.02765529230237007,-0.15893486142158508],[0.15438616275787354,0.12388425320386887,0.9802130460739136],[0.046797603368759155,-0.9919112324714661,0.11799197643995285]],"width":978},{"fx":582.1959228515625,"fy":578.1322631835938,"height":545,"id":6,"img_name":"000007.jpg","position":[0.27850404381752014,-0.7599669694900513,-0.18452385067939758],"rotation":[[0.9947508573532104,0.021067524328827858,-0.10013452172279358],[0.09667962789535522,0.12709033489227295,0.9871681928634644],[0.0335233211517334,-0.9916673898696899,0.12438641488552094]],"width":978},{"fx":582.1959228515625,"fy":578.1322631835938,"height":545,"id":7,"img_name":"000008.jpg","position":[0.2370419204235077,-0.7341779470443726,-0.17921413481235504],"rotation":[[0.9961323142051697,0.022034509107470512,-0.08505809307098389],[0.08136051148176193,0.13423702120780945,0.9876036047935486],[0.033179305493831635,-0.9907042384147644,0.1319250911474228]],"width":978},{"fx":582.1959228515625,"fy":578.1322631835938,"height":545,"id":8,"img_name":"000009.jpg","position":[0.18989549577236176,-0.6997582912445068,-0.17564412951469421],"rotation":[[0.9996522665023804,0.022206731140613556,-0.014219948090612888],[0.01099574938416481,0.13909821212291718,0.9902175664901733],[0.02396746352314949,-0.9900295734405518,0.13880567252635956]],"width":978},{"fx":582.1959228515625,"fy":578.1322631835938,"height":545,"id":9,"img_name":"000010.jpg","position":[0.1555905044078827,-0.6550837159156799,-0.16731373965740204],"rotation":[[0.9986117482185364,0.027669521048665047,-0.04482176527380943],[0.04038519412279129,0.14412066340446472,0.9887356758117676],[0.033817585557699203,-0.9891732335090637,0.1428031474351883]],"width":978},{"fx":582.1959228515625,"fy":578.1322631835938,"height":545,"id":10,"img_name":"000011.jpg","position":[0.10293291509151459,-0.611340343952179,-0.15738141536712646],"rotation":[[0.9947555065155029,0.03771175816655159,-0.09507540613412857],[0.088442862033844,0.1497524529695511,0.9847599267959595],[0.051374804228544235,-0.9880040884017944,0.14563174545764923]],"width":978},{"fx":582.1959228515625,"fy":578.1322631835938,"height":545,"id":11,"img_name":"000012.jpg","position":[0.05748118832707405,-0.5801175832748413,-0.1499086320400238],"rotation":[[0.9734841585159302,0.05005263164639473,-0.22321142256259918],[0.21265405416488647,0.16158562898635864,0.9636743664741516],[0.08430219441652298,-0.985588550567627,0.14665715396404266]],"width":978},{"fx":582.1959228515625,"fy":578.1322631835938,"height":545,"id":12,"img_name":"000013.jpg","position":[-0.00751859974116087,-0.5693643093109131,-0.15298254787921906],"rotation":[[0.9753565788269043,0.06119383126497269,-0.21197853982448578],[0.19898663461208344,0.1710551679134369,0.9649582505226135],[0.09530951082706451,-0.9833592772483826,0.15466302633285522]],"width":978},{"fx":582.1959228515625,"fy":578.1322631835938,"height":545,"id":13,"img_name":"000014.jpg","position":[-0.05414951220154762,-0.5586021542549133,-0.1488940268754959],"rotation":[[0.9888732433319092,0.06807279586791992,-0.13227172195911407],[0.1189044713973999,0.1726328283548355,0.9777830243110657],[0.08939486742019653,-0.9826311469078064,0.16261783242225647]],"width":978},{"fx":582.1959228515625,"fy":578.1322631835938,"height":545,"id":14,"img_name":"000015.jpg","position":[-0.09570197761058807,-0.5726616382598877,-0.15521663427352905],"rotation":[[0.9972910284996033,0.07027827948331833,0.02171553485095501],[-0.033763542771339417,0.17508314549922943,0.9839745759963989],[0.0653500184416771,-0.9820421934127808,0.17698170244693756]],"width":978},{"fx":582.1959228515625,"fy":578.1322631835938,"height":545,"id":15,"img_name":"000016.jpg","position":[-0.1274200826883316,-0.5639278888702393,-0.15515033900737762],"rotation":[[0.9787837862968445,0.06891270726919174,0.1929594874382019],[-0.20213991403579712,0.17082619667053223,0.964343249797821],[0.03349296376109123,-0.9828883409500122,0.18113191425800323]],"width":978},{"fx":582.1959228515625,"fy":578.1322631835938,"height":545,"id":16,"img_name":"000017.jpg","position":[-0.1411322057247162,-0.5623427629470825,-0.15588359534740448],"rotation":[[0.9174370765686035,0.06306757777929306,0.39285075664520264],[-0.39778444170951843,0.167130246758461,0.9021280407905579],[-0.008762214332818985,-0.9839156270027161,0.17841878533363342]],"width":978},{"fx":582.1959228515625,"fy":578.1322631835938,"height":545,"id":17,"img_name":"000018.jpg","position":[-0.13584792613983154,-0.5752952694892883,-0.16852512955665588],"rotation":[[0.8342330455780029,0.053227778524160385,0.5488370060920715],[-0.5495148301124573,0.16274675726890564,0.8194797039031982],[-0.04570235684514046,-0.9852311015129089,0.16501817107200623]],"width":978},{"fx":582.1959228515625,"fy":578.1322631835938,"height":545,"id":18,"img_name":"000019.jpg","position":[-0.1268300563097,-0.6036012768745422,-0.1752893477678299],"rotation":[[0.7728339433670044,0.03907601162791252,0.6334041357040405],[-0.6308983564376831,0.15507608652114868,0.7602096199989319],[-0.06851986795663834,-0.9871293902397156,0.14450106024742126]],"width":978},{"fx":582.1959228515625,"fy":578.1322631835938,"height":545,"id":19,"img_name":"000020.jpg","position":[-0.11832419782876968,-0.6109937429428101,-0.16949498653411865],"rotation":[[0.7618297338485718,-0.015077991411089897,0.647601842880249],[-0.6431677341461182,0.10144683718681335,0.7589755058288574],[-0.07714097946882248,-0.9947267174720764,0.06758753955364227]],"width":978},{"fx":582.1959228515625,"fy":578.1322631835938,"height":545,"id":20,"img_name":"000021.jpg","position":[-0.12427694350481033,-0.5935161709785461,-0.14710673689842224],"rotation":[[0.7413330078125,-0.09243158251047134,0.6647419333457947],[-0.6646651029586792,0.03610922396183014,0.7462683320045471],[-0.09298207610845566,-0.9950640797615051,-0.03466708958148956]],"width":978},{"fx":582.1959228515625,"fy":578.1322631835938,"height":545,"id":21,"img_name":"000022.jpg","position":[-0.12390360981225967,-0.5598062872886658,-0.12900438904762268],"rotation":[[0.6247016191482544,-0.14592300355434418,0.7671077847480774],[-0.7690548300743103,0.05522587522864342,0.6367925405502319],[-0.13528688251972198,-0.9877532720565796,-0.07772310078144073]],"width":978},{"fx":582.1959228515625,"fy":578.1322631835938,"height":545,"id":22,"img_name":"000023.jpg","position":[-0.15282557904720306,-0.512398362159729,-0.11399751156568527],"rotation":[[0.5006831288337708,-0.19020354747772217,0.8444755673408508],[-0.8440812826156616,0.10904642194509506,0.5250101685523987],[-0.19194583594799042,-0.9756697416305542,-0.10594955086708069]],"width":978},{"fx":582.1959228515625,"fy":578.1322631835938,"height":545,"id":23,"img_name":"000024.jpg","position":[-0.17560164630413055,-0.44653332233428955,-0.10026664286851883],"rotation":[[0.4277397394180298,-0.21791470050811768,0.8772410750389099],[-0.8704841732978821,0.16214218735694885,0.46472272276878357],[-0.24350768327713013,-0.9624048471450806,-0.12033664435148239]],"width":978},{"fx":582.1959228515625,"fy":578.1322631835938,"height":545,"id":24,"img_name":"000025.jpg","position":[-0.20543566346168518,-0.39766770601272583,-0.09120936691761017],"rotation":[[0.37121903896331787,-0.22932715713977814,0.899780809879303],[-0.8856827020645142,0.20356571674346924,0.4172854423522949],[-0.278859406709671,-0.9518246054649353,-0.1275436282157898]],"width":978},{"fx":582.1959228515625,"fy":578.1322631835938,"height":545,"id":25,"img_name":"000026.jpg","position":[-0.22825674712657928,-0.3427692651748657,-0.08050061762332916],"rotation":[[0.24574927985668182,-0.24131178855895996,0.938816249370575],[-0.9213017821311951,0.24294684827327728,0.30361127853393555],[-0.30134743452072144,-0.9395453333854675,-0.16261696815490723]],"width":978},{"fx":582.1959228515625,"fy":578.1322631835938,"height":545,"id":26,"img_name":"000027.jpg","position":[-0.2701546847820282,-0.2817480266094208,-0.06373006105422974],"rotation":[[0.12716519832611084,-0.23399695754051208,0.9638850688934326],[-0.9407603144645691,0.2794976234436035,0.19196641445159912],[-0.3143231272697449,-0.9311962723731995,-0.18459267914295197]],"width":978},{"fx":582.1959228515625,"fy":578.1322631835938,"height":545,"id":27,"img_name":"000028.jpg","position":[-0.2975649833679199,-0.21517787873744965,-0.04941786453127861],"rotation":[[0.08188993483781815,-0.22628317773342133,0.9706131815910339],[-0.9420991539955139,0.30018141865730286,0.14946679770946503],[-0.32518187165260315,-0.9266536831855774,-0.1885993480682373]],"width":978},{"fx":582.1959228515625,"fy":578.1322631835938,"height":545,"id":28,"img_name":"000029.jpg","position":[-0.3357924222946167,-0.15630431473255157,-0.03370753303170204],"rotation":[[0.03012753278017044,-0.21097487211227417,0.9770271182060242],[-0.945967972278595,0.3097088932991028,0.09604695439338684],[-0.32285746932029724,-0.9271299839019775,-0.19024470448493958]],"width":978},{"fx":582.1959228515625,"fy":578.1322631835938,"height":545,"id":29,"img_name":"000030.jpg","position":[-0.36404839158058167,-0.11163118481636047,-0.02653210423886776],"rotation":[[-0.0037334603257477283,-0.20635436475276947,0.9784702062606812],[-0.9476631283760071,0.3131113052368164,0.062417659908533096],[-0.319250226020813,-0.9270270466804504,-0.19672340154647827]],"width":978},{"fx":582.1959228515625,"fy":578.1322631835938,"height":545,"id":30,"img_name":"000031.jpg","position":[-0.4082496464252472,-0.0853208377957344,-0.01808752492070198],"rotation":[[-0.04081959277391434,-0.1951024830341339,0.9799330234527588],[-0.9488778114318848,0.3147936165332794,0.023148735985159874],[-0.31299304962158203,-0.9288918375968933,-0.1979781687259674]],"width":978},{"fx":582.1959228515625,"fy":578.1322631835938,"height":545,"id":31,"img_name":"000032.jpg","position":[-0.44210198521614075,-0.09830567985773087,-0.019529445096850395],"rotation":[[-0.016526978462934494,-0.19173596799373627,0.9813073873519897],[-0.9480555057525635,0.3148273825645447,0.045546628534793854],[-0.31767538189888,-0.9295811057090759,-0.1869794875383377]],"width":978},{"fx":582.1959228515625,"fy":578.1322631835938,"height":545,"id":32,"img_name":"000033.jpg","position":[-0.4799578785896301,-0.11132917553186417,-0.029928728938102722],"rotation":[[0.09244367480278015,-0.18908506631851196,0.9775996208190918],[-0.9436482191085815,0.2966994345188141,0.14662007987499237],[-0.3177769184112549,-0.9360642433166504,-0.15100181102752686]],"width":978},{"fx":582.1959228515625,"fy":578.1322631835938,"height":545,"id":33,"img_name":"000034.jpg","position":[-0.4692351520061493,-0.16707837581634521,-0.03650472313165665],"rotation":[[0.2120497226715088,-0.19694367051124573,0.957208514213562],[-0.9262145757675171,0.2719152569770813,0.2611296772956848],[-0.31170743703842163,-0.9419528841972351,-0.12475253641605377]],"width":978},{"fx":582.1959228515625,"fy":578.1322631835938,"height":545,"id":34,"img_name":"000035.jpg","position":[-0.46843820810317993,-0.2374892681837082,-0.05511416494846344],"rotation":[[0.33333486318588257,-0.19331498444080353,0.9227768778800964],[-0.8940787315368652,0.24577553570270538,0.37445640563964844],[-0.29918402433395386,-0.9498545527458191,-0.09091327339410782]],"width":978},{"fx":582.1959228515625,"fy":578.1322631835938,"height":545,"id":35,"img_name":"000036.jpg","position":[-0.4564703106880188,-0.31973543763160706,-0.06930236518383026],"rotation":[[0.47235625982284546,-0.18744398653507233,0.8612458109855652],[-0.8357926607131958,0.21501415967941284,0.5051926374435425],[-0.27987536787986755,-0.9584537744522095,-0.05510101467370987]],"width":978},{"fx":582.1959228515625,"fy":578.1322631835938,"height":545,"id":36,"img_name":"000037.jpg","position":[-0.43859362602233887,-0.3859751224517822,-0.08167383074760437],"rotation":[[0.6152858734130859,-0.17616815865039825,0.7683671712875366],[-0.7473151087760925,0.17985765635967255,0.6396650671958923],[-0.25088533759117126,-0.9677892327308655,-0.020989246666431427]],"width":978},{"fx":582.1959228515625,"fy":578.1322631835938,"height":545,"id":37,"img_name":"000038.jpg","position":[-0.39736154675483704,-0.435214102268219,-0.08619030565023422],"rotation":[[0.7649640440940857,-0.15195758640766144,0.6258904933929443],[-0.6095144748687744,0.14324305951595306,0.7797266244888306],[-0.2081398367881775,-0.9779521226882935,0.016955437138676643]],"width":978},{"fx":582.1959228515625,"fy":578.1322631835938,"height":545,"id":38,"img_name":"000039.jpg","position":[-0.34199878573417664,-0.4755691587924957,-0.08649594336748123],"rotation":[[0.8647674918174744,-0.1266150176525116,0.485948383808136],[-0.47555655241012573,0.10437821596860886,0.8734707236289978],[-0.16131694614887238,-0.9864450693130493,0.030050287023186684]],"width":978},{"fx":582.1959228515625,"fy":578.1322631835938,"height":545,"id":39,"img_name":"000040.jpg","position":[-0.314431369304657,-0.5295091867446899,-0.09635339677333832],"rotation":[[0.9069993495941162,-0.10304126143455505,0.40833157300949097],[-0.4018830358982086,0.07801227271556854,0.9123618006706238],[-0.12586578726768494,-0.9916131496429443,0.02934654802083969]],"width":978},{"fx":582.1959228515625,"fy":578.1322631835938,"height":545,"id":40,"img_name":"000041.jpg","position":[-0.2700837552547455,-0.5705441236495972,-0.10995122045278549],"rotation":[[0.9416179656982422,-0.09101197123527527,0.3241487443447113],[-0.32113784551620483,0.04638683795928955,0.9458957314491272],[-0.10112407058477402,-0.9947688579559326,0.014451293274760246]],"width":978},{"fx":582.1959228515625,"fy":578.1322631835938,"height":545,"id":41,"img_name":"000042.jpg","position":[-0.24607717990875244,-0.642616868019104,-0.12458520382642746],"rotation":[[0.9535614848136902,-0.08374195545911789,0.28932303190231323],[-0.28835850954055786,0.02365821786224842,0.9572302103042603],[-0.08700519800186157,-0.9962065815925598,-0.0015881406143307686]],"width":978},{"fx":582.1959228515625,"fy":578.1322631835938,"height":545,"id":42,"img_name":"000043.jpg","position":[-0.21361850202083588,-0.7101677060127258,-0.14011801779270172],"rotation":[[0.9491703510284424,-0.08950690925121307,0.30176830291748047],[-0.30207890272140503,0.010381168685853481,0.9532263875007629],[-0.08845306187868118,-0.9959321022033691,-0.017184650525450706]],"width":978},{"fx":582.1959228515625,"fy":578.1322631835938,"height":545,"id":43,"img_name":"000044.jpg","position":[-0.19173051416873932,-0.753191351890564,-0.1519080102443695],"rotation":[[0.8901395201683044,-0.11864771693944931,0.43997082114219666],[-0.44325658679008484,-0.0014596302062273026,0.8963935971260071],[-0.10571286082267761,-0.9929353594779968,-0.0538906566798687]],"width":978},{"fx":582.1959228515625,"fy":578.1322631835938,"height":545,"id":44,"img_name":"000045.jpg","position":[-0.24000892043113708,-0.7422449588775635,-0.13515086472034454],"rotation":[[0.7737945914268494,-0.1608419418334961,0.6126759648323059],[-0.6197402477264404,0.007814139127731323,0.7847680449485779],[-0.13101115822792053,-0.9869492650032043,-0.09363368898630142]],"width":978},{"fx":582.1959228515625,"fy":578.1322631835938,"height":545,"id":45,"img_name":"000046.jpg","position":[-0.28343257308006287,-0.6861556768417358,-0.1200520470738411],"rotation":[[0.6645225286483765,-0.19980499148368835,0.7200609445571899],[-0.7289513945579529,0.03871423751115799,0.683469831943512],[-0.16443729400634766,-0.9790705442428589,-0.11992165446281433]],"width":978},{"fx":582.1959228515625,"fy":578.1322631835938,"height":545,"id":46,"img_name":"000047.jpg","position":[-0.3324161767959595,-0.6182546019554138,-0.11102692037820816],"rotation":[[0.5914952158927917,-0.21801170706748962,0.7762759327888489],[-0.7830386757850647,0.07431088387966156,0.61751788854599],[-0.19231188297271729,-0.973112940788269,-0.12675707042217255]],"width":978},{"fx":582.1959228515625,"fy":578.1322631835938,"height":545,"id":47,"img_name":"000048.jpg","position":[-0.3885534107685089,-0.5411279201507568,-0.090986467897892],"rotation":[[0.5195923447608948,-0.22087857127189636,0.8253704905509949],[-0.827178955078125,0.11191694438457489,0.5506810545921326],[-0.21400658786296844,-0.9688587188720703,-0.12455490976572037]],"width":978},{"fx":582.1959228515625,"fy":578.1322631835938,"height":545,"id":48,"img_name":"000049.jpg","position":[-0.43733862042427063,-0.45504167675971985,-0.07079293578863144],"rotation":[[0.4816517233848572,-0.2232343554496765,0.8474538326263428],[-0.845857560634613,0.13449819386005402,0.5161736607551575],[-0.22920870780944824,-0.9654411673545837,-0.12404318153858185]],"width":978},{"fx":582.1959228515625,"fy":578.1322631835938,"height":545,"id":49,"img_name":"000050.jpg","position":[-0.497881144285202,-0.3820132315158844,-0.0631793960928917],"rotation":[[0.4697991907596588,-0.21899466216564178,0.8551783561706543],[-0.8507876396179199,0.14608487486839294,0.5047966241836548],[-0.23547638952732086,-0.9647282361984253,-0.1176873967051506]],"width":978},{"fx":582.1959228515625,"fy":578.1322631835938,"height":545,"id":50,"img_name":"000051.jpg","position":[-0.5397779941558838,-0.30651119351387024,-0.05077177286148071],"rotation":[[0.4451100528240204,-0.21563170850276947,0.86912602186203],[-0.8635649681091309,0.15342916548252106,0.48032811284065247],[-0.2369232475757599,-0.9643456339836121,-0.11791912466287613]],"width":978},{"fx":582.1959228515625,"fy":578.1322631835938,"height":545,"id":51,"img_name":"000052.jpg","position":[-0.5923010110855103,-0.22776567935943604,-0.04057721793651581],"rotation":[[0.4117205739021301,-0.2145860344171524,0.8856856226921082],[-0.880268394947052,0.15785466134548187,0.4474477469921112],[-0.23582564294338226,-0.9638645052909851,-0.12390128523111343]],"width":978},{"fx":582.1959228515625,"fy":578.1322631835938,"height":545,"id":52,"img_name":"000053.jpg","position":[-0.637846827507019,-0.16276320815086365,-0.029493946582078934],"rotation":[[0.3814825415611267,-0.21538934111595154,0.8989318609237671],[-0.8936264514923096,0.1628078818321228,0.4182407855987549],[-0.23643779754638672,-0.9628608822822571,-0.13036924600601196]],"width":978},{"fx":582.1959228515625,"fy":578.1322631835938,"height":545,"id":53,"img_name":"000054.jpg","position":[-0.6677935123443604,-0.09857533872127533,-0.025350913405418396],"rotation":[[0.33493122458457947,-0.219553142786026,0.9163064360618591],[-0.9121372699737549,0.16830837726593018,0.37373510003089905],[-0.236276775598526,-0.960972785949707,-0.1438908576965332]],"width":978},{"fx":582.1959228515625,"fy":578.1322631835938,"height":545,"id":54,"img_name":"000055.jpg","position":[-0.7021414637565613,-0.023951679468154907,-0.020321356132626534],"rotation":[[0.24545423686504364,-0.22284236550331116,0.9434476494789124],[-0.940207302570343,0.18234513700008392,0.28768113255500793],[-0.236140638589859,-0.9576489329338074,-0.16476063430309296]],"width":978},{"fx":582.1959228515625,"fy":578.1322631835938,"height":545,"id":55,"img_name":"000056.jpg","position":[-0.7195374369621277,0.040219832211732864,-0.01569204591214657],"rotation":[[0.15352386236190796,-0.23075221478939056,0.9608245491981506],[-0.9589598178863525,0.19978109002113342,0.20120544731616974],[-0.23838317394256592,-0.9522819519042969,-0.19061093032360077]],"width":978},{"fx":582.1959228515625,"fy":578.1322631835938,"height":545,"id":56,"img_name":"000057.jpg","position":[-0.7246022820472717,0.09538468718528748,-0.007774564903229475],"rotation":[[0.03198620676994324,-0.23808403313159943,0.97071772813797],[-0.9709172248840332,0.22315581142902374,0.08672530949115753],[-0.23726922273635864,-0.9452605247497559,-0.22402197122573853]],"width":978},{"fx":582.1959228515625,"fy":578.1322631835938,"height":545,"id":57,"img_name":"000058.jpg","position":[-0.7067773342132568,0.1469615399837494,0.004920832347124815],"rotation":[[-0.09319628030061722,-0.24463018774986267,0.9651272296905518],[-0.9666095972061157,0.2546302378177643,-0.028798453509807587],[-0.2387056201696396,-0.9355851411819458,-0.26019248366355896]],"width":978},{"fx":582.1959228515625,"fy":578.1322631835938,"height":545,"id":58,"img_name":"000059.jpg","position":[-0.7197687029838562,0.21078255772590637,0.016982223838567734],"rotation":[[-0.17942877113819122,-0.24572892487049103,0.9525873064994812],[-0.9536725878715515,0.28113260865211487,-0.10711236298084259],[-0.24148274958133698,-0.9276754260063171,-0.28478822112083435]],"width":978},{"fx":582.1959228515625,"fy":578.1322631835938,"height":545,"id":59,"img_name":"000060.jpg","position":[-0.7249626517295837,0.2837328314781189,0.03428954631090164],"rotation":[[-0.2619151175022125,-0.24404142796993256,0.9337260127067566],[-0.9336659908294678,0.3089544177055359,-0.18114905059337616],[-0.2442709058523178,-0.9192339181900024,-0.308773010969162]],"width":978},{"fx":582.1959228515625,"fy":578.1322631835938,"height":545,"id":60,"img_name":"000061.jpg","position":[-0.743402898311615,0.31070229411125183,0.07147545367479324],"rotation":[[-0.23295637965202332,-0.24322614073753357,0.9415796995162964],[-0.9347792863845825,0.323004812002182,-0.14783622324466705],[-0.2681771516799927,-0.9146085977554321,-0.30260878801345825]],"width":978},{"fx":582.1959228515625,"fy":578.1322631835938,"height":545,"id":61,"img_name":"000062.jpg","position":[-0.7424828410148621,0.32835114002227783,0.09156813472509384],"rotation":[[-0.23619385063648224,-0.19905127584934235,0.9510999321937561],[-0.9329999089241028,0.3199579119682312,-0.16473643481731415],[-0.2715209722518921,-0.9262858629226685,-0.2612869143486023]],"width":978},{"fx":582.1959228515625,"fy":578.1322631835938,"height":545,"id":62,"img_name":"000063.jpg","position":[-0.7110454440116882,0.382626473903656,0.0929664671421051],"rotation":[[-0.35092365741729736,-0.18297822773456573,0.9183526039123535],[-0.9034934043884277,0.32388225197792053,-0.2807133197784424],[-0.2460736781358719,-0.9282344579696655,-0.27897757291793823]],"width":978},{"fx":582.1959228515625,"fy":578.1322631835938,"height":545,"id":63,"img_name":"000064.jpg","position":[-0.6823458671569824,0.4575197100639343,0.09779074043035507],"rotation":[[-0.5323775410652161,-0.16985036432743073,0.8292918801307678],[-0.8213716745376587,0.34060683846473694,-0.45753204822540283],[-0.20475049316883087,-0.9247366189956665,-0.3208416998386383]],"width":978},{"fx":582.1959228515625,"fy":578.1322631835938,"height":545,"id":64,"img_name":"000065.jpg","position":[-0.6429874897003174,0.5293197631835938,0.11248838156461716],"rotation":[[-0.6663997173309326,-0.15340963006019592,0.7296416163444519],[-0.7255441546440125,0.3588482737541199,-0.5872083306312561],[-0.17174722254276276,-0.9207026958465576,-0.3504418432712555]],"width":978},{"fx":582.1959228515625,"fy":578.1322631835938,"height":545,"id":65,"img_name":"000066.jpg","position":[-0.5853869318962097,0.5690476298332214,0.11961789429187775],"rotation":[[-0.7507707476615906,-0.14128725230693817,0.6452760696411133],[-0.6434044241905212,0.37761303782463074,-0.6659122705459595],[-0.1495797485113144,-0.9151208996772766,-0.3744056522846222]],"width":978},{"fx":582.1959228515625,"fy":578.1322631835938,"height":545,"id":66,"img_name":"000067.jpg","position":[-0.5412198901176453,0.6357755661010742,0.12703824043273926],"rotation":[[-0.8604733943939209,-0.11621405184268951,0.49606430530548096],[-0.4985944926738739,0.3923977017402649,-0.7729343771934509],[-0.10482864826917648,-0.9124244451522827,-0.39559146761894226]],"width":978},{"fx":582.1959228515625,"fy":578.1322631835938,"height":545,"id":67,"img_name":"000068.jpg","position":[-0.4781860411167145,0.6756334900856018,0.12830661237239838],"rotation":[[-0.900862991809845,-0.0996345728635788,0.4225149154663086],[-0.42408937215805054,0.4098470211029053,-0.8075726628303528],[-0.09270432591438293,-0.9066963791847229,-0.411469966173172]],"width":978},{"fx":582.1959228515625,"fy":578.1322631835938,"height":545,"id":68,"img_name":"000069.jpg","position":[-0.39527595043182373,0.7018464207649231,0.13112474977970123],"rotation":[[-0.9221953749656677,-0.0910172313451767,0.37586113810539246],[-0.3770563006401062,0.4275791347026825,-0.8215866684913635],[-0.08593183755874634,-0.8993842005729675,-0.42863011360168457]],"width":978},{"fx":582.1959228515625,"fy":578.1322631835938,"height":545,"id":69,"img_name":"000070.jpg","position":[-0.3203045129776001,0.7028570771217346,0.13468104600906372],"rotation":[[-0.9319556951522827,-0.08952237665653229,0.3513464331626892],[-0.35170671343803406,0.4586656093597412,-0.816044270992279],[-0.08809630572795868,-0.8840879797935486,-0.45894166827201843]],"width":978},{"fx":582.1959228515625,"fy":578.1322631835938,"height":545,"id":70,"img_name":"000071.jpg","position":[-0.26201218366622925,0.6923133730888367,0.13036414980888367],"rotation":[[-0.9391000866889954,-0.0812339186668396,0.3339042663574219],[-0.32990825176239014,0.48508527874946594,-0.8098474144935608],[-0.09618495404720306,-0.8706855773925781,-0.4823433756828308]],"width":978},{"fx":582.1959228515625,"fy":578.1322631835938,"height":545,"id":71,"img_name":"000072.jpg","position":[-0.19043366611003876,0.7216466069221497,0.1494140475988388],"rotation":[[-0.9557648301124573,-0.06227055937051773,0.28746476769447327],[-0.27956584095954895,0.49607211351394653,-0.8220434188842773],[-0.09141415357589722,-0.8660455346107483,-0.4915370047092438]],"width":978},{"fx":582.1959228515625,"fy":578.1322631835938,"height":545,"id":72,"img_name":"000073.jpg","position":[-0.10944352298974991,0.7422010898590088,0.164799302816391],"rotation":[[-0.9812951683998108,-0.023359589278697968,0.19108659029006958],[-0.17701104283332825,0.4996854066848755,-0.8479278087615967],[-0.07567593455314636,-0.8658919334411621,-0.49447378516197205]],"width":978},{"fx":582.1959228515625,"fy":578.1322631835938,"height":545,"id":73,"img_name":"000074.jpg","position":[-0.024358034133911133,0.7723218202590942,0.17548757791519165],"rotation":[[-0.99227374792099,0.014160055667161942,0.12325683981180191],[-0.09995332360267639,0.4973009526729584,-0.8618010878562927],[-0.07349889725446701,-0.8674625158309937,-0.4920433759689331]],"width":978},{"fx":582.1959228515625,"fy":578.1322631835938,"height":545,"id":74,"img_name":"000075.jpg","position":[0.06267260015010834,0.8049989342689514,0.19268660247325897],"rotation":[[-0.994711697101593,0.04241059347987175,0.09354156255722046],[-0.060713790357112885,0.4917885959148407,-0.86859530210495],[-0.08284031599760056,-0.869681179523468,-0.4866129457950592]],"width":978},{"fx":582.1959228515625,"fy":578.1322631835938,"height":545,"id":75,"img_name":"000076.jpg","position":[0.1445935070514679,0.8313913941383362,0.20498962700366974],"rotation":[[-0.9948735237121582,0.057667553424835205,0.08307289332151413],[-0.0446929968893528,0.4861634075641632,-0.8727242946624756],[-0.09071487933397293,-0.8719630837440491,-0.48109376430511475]],"width":978},{"fx":582.1959228515625,"fy":578.1322631835938,"height":545,"id":76,"img_name":"000077.jpg","position":[0.2361689656972885,0.8755748271942139,0.21599498391151428],"rotation":[[-0.995853066444397,0.06729214638471603,0.06122402101755142],[-0.02159900963306427,0.4788481593132019,-0.8776320219039917],[-0.08837474882602692,-0.8753148913383484,-0.47540897130966187]],"width":978},{"fx":582.1959228515625,"fy":578.1322631835938,"height":545,"id":77,"img_name":"000078.jpg","position":[0.32097700238227844,0.9015353322029114,0.2235911637544632],"rotation":[[-0.9960144758224487,0.07235216349363327,0.05215652659535408],[-0.01173142809420824,0.473416805267334,-0.8807604312896729],[-0.0884166955947876,-0.8778619766235352,-0.47068119049072266]],"width":978},{"fx":582.1959228515625,"fy":578.1322631835938,"height":545,"id":78,"img_name":"000079.jpg","position":[0.38255515694618225,0.9208695292472839,0.21949531137943268],"rotation":[[-0.9966087341308594,0.08145315200090408,-0.011678061448037624],[0.04854660481214523,0.4674319326877594,-0.8826950788497925],[-0.06643959879875183,-0.8802685737609863,-0.46980103850364685]],"width":978},{"fx":582.1959228515625,"fy":578.1322631835938,"height":545,"id":79,"img_name":"000080.jpg","position":[0.4279688596725464,0.9209348559379578,0.20285360515117645],"rotation":[[-0.986406147480011,0.10175934433937073,-0.12902691960334778],[0.16150708496570587,0.4555554986000061,-0.8754339814186096],[-0.03030466102063656,-0.8843722343444824,-0.4657976031303406]],"width":978},{"fx":582.1959228515625,"fy":578.1322631835938,"height":545,"id":80,"img_name":"000081.jpg","position":[0.44871559739112854,0.9179179668426514,0.1958743929862976],"rotation":[[-0.9875436425209045,0.10344429314136505,-0.11856162548065186],[0.15090598165988922,0.40931466221809387,-0.8998271226882935],[-0.04455297067761421,-0.9065102338790894,-0.4198264479637146]],"width":978},{"fx":582.1959228515625,"fy":578.1322631835938,"height":545,"id":81,"img_name":"000082.jpg","position":[0.41212838888168335,0.8978086709976196,0.1914539933204651],"rotation":[[-0.9969854354858398,0.07758800685405731,-0.00041288346983492374],[0.028560759499669075,0.36204004287719727,-0.9317249059677124],[-0.07214120030403137,-0.9289279580116272,-0.36316460371017456]],"width":978},{"fx":582.1959228515625,"fy":578.1322631835938,"height":545,"id":82,"img_name":"000083.jpg","position":[0.34950050711631775,0.8505880832672119,0.18515603244304657],"rotation":[[-0.99587082862854,0.04298516735434532,0.07996004074811935],[-0.05941429361701012,0.3573411703109741,-0.9320822358131409],[-0.06863871961832047,-0.9329842329025269,-0.353311687707901]],"width":978},{"fx":582.1959228515625,"fy":578.1322631835938,"height":545,"id":83,"img_name":"000084.jpg","position":[0.2667139172554016,0.8273301124572754,0.18948036432266235],"rotation":[[-0.9944050908088684,0.010386304929852486,0.10512224584817886],[-0.09504114836454391,0.34638315439224243,-0.9332662224769592],[-0.0461057610809803,-0.9380356073379517,-0.34345802664756775]],"width":978},{"fx":582.1959228515625,"fy":578.1322631835938,"height":545,"id":84,"img_name":"000085.jpg","position":[0.19096215069293976,0.79742032289505,0.19008949398994446],"rotation":[[-0.98976069688797,-0.0192571971565485,0.14143173396587372],[-0.13962435722351074,0.33641111850738525,-0.9313069581985474],[-0.02964484877884388,-0.9415183067321777,-0.3356552720069885]],"width":978},{"fx":582.1959228515625,"fy":578.1322631835938,"height":545,"id":85,"img_name":"000086.jpg","position":[0.10031142085790634,0.7829475998878479,0.18257172405719757],"rotation":[[-0.9650083780288696,-0.052368707954883575,0.2569364011287689],[-0.25964245200157166,0.32785463333129883,-0.908348560333252],[-0.036668747663497925,-0.9432756304740906,-0.3299795985221863]],"width":978},{"fx":582.1959228515625,"fy":578.1322631835938,"height":545,"id":86,"img_name":"000087.jpg","position":[0.013662650249898434,0.7519465684890747,0.173048198223114],"rotation":[[-0.9311721920967102,-0.08246070146560669,0.3551318347454071],[-0.3623437285423279,0.3170386850833893,-0.8764665126800537],[-0.04031648859381676,-0.9448210000991821,-0.3250967264175415]],"width":978},{"fx":582.1959228515625,"fy":578.1322631835938,"height":545,"id":87,"img_name":"000088.jpg","position":[-0.08356405049562454,0.7286997437477112,0.16766706109046936],"rotation":[[-0.9171883463859558,-0.10657676309347153,0.3839361369609833],[-0.3974872827529907,0.31180915236473083,-0.8630057573318481],[-0.02773844264447689,-0.9441485404968262,-0.32835060358047485]],"width":978},{"fx":582.1959228515625,"fy":578.1322631835938,"height":545,"id":88,"img_name":"000089.jpg","position":[-0.16437019407749176,0.7056973576545715,0.1652013063430786],"rotation":[[-0.915710985660553,-0.12318113446235657,0.3824916183948517],[-0.40158748626708984,0.31410783529281616,-0.8602696061134338],[-0.014174624346196651,-0.9413621425628662,-0.33709999918937683]],"width":978},{"fx":582.1959228515625,"fy":578.1322631835938,"height":545,"id":89,"img_name":"000090.jpg","position":[-0.1972276270389557,0.6636848449707031,0.15529870986938477],"rotation":[[-0.9393049478530884,-0.13583359122276306,0.3150482773780823],[-0.34282004833221436,0.3356335163116455,-0.8773964643478394],[0.013439148664474487,-0.932147741317749,-0.36182868480682373]],"width":978},{"fx":582.1959228515625,"fy":578.1322631835938,"height":545,"id":90,"img_name":"000091.jpg","position":[-0.1950819343328476,0.6212175488471985,0.1375269740819931],"rotation":[[-0.9710603356361389,-0.12844695150852203,0.2013532966375351],[-0.23525381088256836,0.36898308992385864,-0.8991702198982239],[0.041199710220098495,-0.9205176830291748,-0.38852250576019287]],"width":978},{"fx":582.1959228515625,"fy":578.1322631835938,"height":545,"id":91,"img_name":"000092.jpg","position":[-0.1637747585773468,0.5953150391578674,0.12294560670852661],"rotation":[[-0.9864176511764526,-0.10734923183917999,0.12432374060153961],[-0.15644924342632294,0.3834500312805176,-0.9102140665054321],[0.050038836896419525,-0.917301595211029,-0.39503657817840576]],"width":978},{"fx":582.1959228515625,"fy":578.1322631835938,"height":545,"id":92,"img_name":"000093.jpg","position":[-0.10263907164335251,0.5824379324913025,0.1123540997505188],"rotation":[[-0.9969125986099243,-0.07608417421579361,0.019401656463742256],[-0.04813293740153313,0.396944135427475,-0.9165798425674438],[0.06203584372997284,-0.9146838188171387,-0.39938077330589294]],"width":978},{"fx":582.1959228515625,"fy":578.1322631835938,"height":545,"id":93,"img_name":"000094.jpg","position":[-0.020922353491187096,0.6057754158973694,0.11589383333921432],"rotation":[[-0.998796820640564,-0.04670232534408569,-0.014958374202251434],[-0.005178740248084068,0.4037722051143646,-0.9148448705673218],[0.0487651601433754,-0.9136667251586914,-0.40352827310562134]],"width":978},{"fx":582.1959228515625,"fy":578.1322631835938,"height":545,"id":94,"img_name":"000095.jpg","position":[0.048463255167007446,0.6083555221557617,0.1169087141752243],"rotation":[[-0.9996417164802551,-0.023827925324440002,-0.01219150610268116],[0.0012090024538338184,0.4148273169994354,-0.9098993539810181],[0.026738382875919342,-0.909588098526001,-0.4146498739719391]],"width":978},{"fx":582.1959228515625,"fy":578.1322631835938,"height":545,"id":95,"img_name":"000096.jpg","position":[0.11898304522037506,0.6434179544448853,0.1238112524151802],"rotation":[[-0.9966108798980713,-0.003245602361857891,-0.08219590038061142],[0.07353384792804718,0.4127263128757477,-0.907882034778595],[0.036871034651994705,-0.9108492732048035,-0.41108888387680054]],"width":978},{"fx":582.1959228515625,"fy":578.1322631835938,"height":545,"id":96,"img_name":"000097.jpg","position":[0.1981930136680603,0.6643328666687012,0.15755963325500488],"rotation":[[-0.9652289748191833,0.014882958494126797,-0.2609817683696747],[0.2506633996963501,0.3359624743461609,-0.9079080820083618],[0.07416772097349167,-0.9417577981948853,-0.32801133394241333]],"width":978},{"fx":582.1959228515625,"fy":578.1322631835938,"height":545,"id":97,"img_name":"000098.jpg","position":[0.269757479429245,0.6785432696342468,0.16939060389995575],"rotation":[[-0.8989958763122559,0.027150563895702362,-0.4371146559715271],[0.42160943150520325,0.3237982392311096,-0.8469948172569275],[0.11854056268930435,-0.9457365274429321,-0.30254021286964417]],"width":978},{"fx":582.1959228515625,"fy":578.1322631835938,"height":545,"id":98,"img_name":"000099.jpg","position":[0.35164111852645874,0.6917364001274109,0.17762508988380432],"rotation":[[-0.8188757300376892,0.029466476291418076,-0.5732139945030212],[0.5512862205505371,0.31836795806884766,-0.7711843848228455],[0.15976889431476593,-0.9475091099739075,-0.2769482433795929]],"width":978},{"fx":582.1959228515625,"fy":578.1322631835938,"height":545,"id":99,"img_name":"000100.jpg","position":[0.4205886423587799,0.6819242238998413,0.17916694283485413],"rotation":[[-0.7592900991439819,0.027826208621263504,-0.65015709400177],[0.6222758293151855,0.32335996627807617,-0.7128892540931702],[0.19039776921272278,-0.9458668231964111,-0.2628396153450012]],"width":978},{"fx":582.1959228515625,"fy":578.1322631835938,"height":545,"id":100,"img_name":"000101.jpg","position":[0.49942219257354736,0.6653503775596619,0.17279572784900665],"rotation":[[-0.7266905903816223,0.021047888323664665,-0.6866423487663269],[0.653627336025238,0.32877781987190247,-0.6816717982292175],[0.21140502393245697,-0.944172739982605,-0.25267723202705383]],"width":978},{"fx":582.1959228515625,"fy":578.1322631835938,"height":545,"id":101,"img_name":"000102.jpg","position":[0.5564412474632263,0.629068911075592,0.16704219579696655],"rotation":[[-0.7444804906845093,0.017068933695554733,-0.6674259901046753],[0.6308947205543518,0.3450748324394226,-0.6949066519737244],[0.21845059096813202,-0.9384199380874634,-0.2676701843738556]],"width":978},{"fx":582.1959228515625,"fy":578.1322631835938,"height":545,"id":102,"img_name":"000103.jpg","position":[0.6208573579788208,0.5912889838218689,0.16327370703220367],"rotation":[[-0.7322422862052917,0.014819185249507427,-0.68088299036026],[0.6400026082992554,0.35678964853286743,-0.6805129051208496],[0.23284736275672913,-0.9340671896934509,-0.2707407772541046]],"width":978},{"fx":582.1959228515625,"fy":578.1322631835938,"height":545,"id":103,"img_name":"000104.jpg","position":[0.676116943359375,0.5410389304161072,0.14277033507823944],"rotation":[[-0.7156071066856384,0.017356127500534058,-0.6982873678207397],[0.6540558338165283,0.3675614893436432,-0.6611426472663879],[0.2451886534690857,-0.9298372268676758,-0.27438148856163025]],"width":978},{"fx":582.1959228515625,"fy":578.1322631835938,"height":545,"id":104,"img_name":"000105.jpg","position":[0.7367483973503113,0.5012952089309692,0.12777195870876312],"rotation":[[-0.6615272164344788,0.020529773086309433,-0.7496401071548462],[0.7024698853492737,0.3668990135192871,-0.6098534464836121],[0.2625220715999603,-0.9300342202186584,-0.2571352422237396]],"width":978},{"fx":582.1959228515625,"fy":578.1322631835938,"height":545,"id":105,"img_name":"000106.jpg","position":[0.7664465308189392,0.46024033427238464,0.11265993863344193],"rotation":[[-0.6107329726219177,0.03015834093093872,-0.7912620902061462],[0.7440231442451477,0.36383578181266785,-0.5604044198989868],[0.2709885835647583,-0.9309747815132141,-0.24464501440525055]],"width":978