[{"fx":581.8058471679688,"fy":581.8067016601563,"height":545,"id":0,"img_name":"000017.jpg","position":[0.18682236969470978,0.06897047907114029,-0.5456918478012085],"rotation":[[0.985733151435852,0.006064778193831444,-0.16820646822452545],[-0.01218501292169094,0.9992997646331787,-0.03537699580192566],[0.16787414252758026,0.036921873688697815,0.9851167798042297]],"width":978},{"fx":581.390625,"fy":582.1627807617188,"height":545,"id":1,"img_name":"000016.jpg","position":[0.1989319771528244,0.06900125741958618,-0.5404002666473389],"rotation":[[0.9290399551391602,0.009263165295124054,-0.3698634207248688],[-0.02492799609899521,0.9989820718765259,-0.0375959537923336],[0.3691386878490448,0.044148098677396774,0.9283251762390137]],"width":978},{"fx":582.0570678710938,"fy":582.3018798828125,"height":545,"id":2,"img_name":"000018.jpg","position":[0.19866915047168732,0.07978096604347229,-0.5559959411621094],"rotation":[[0.9999682903289795,-7.576809730380774e-05,0.007962724193930626],[0.00030117511050775647,0.9995991587638855,-0.028310390189290047],[-0.00795738771557808,0.028311891481280327,0.999567449092865]],"width":978},{"fx":581.1578369140625,"fy":581.925537109375,"height":545,"id":3,"img_name":"000015.jpg","position":[0.22928646206855774,0.06898840516805649,-0.5306057333946228],"rotation":[[0.851631224155426,0.00829483661800623,-0.5240758061408997],[-0.032492611557245255,0.9987871646881104,-0.0369926355779171],[0.5231333374977112,0.048532675951719284,0.8508678674697876]],"width":978},{"fx":581.8172607421875,"fy":583.59912109375,"height":545,"id":4,"img_name":"000140.jpg","position":[0.15130969882011414,0.04273116588592529,-0.4802042245864868],"rotation":[[0.8988437652587891,0.050982482731342316,-0.4352938234806061],[-0.011351367458701134,0.9955859184265137,0.09316543489694595],[0.4381221830844879,-0.07879998534917831,0.8954548835754395]],"width":978},{"fx":582.24609375,"fy":582.3485107421875,"height":545,"id":5,"img_name":"000141.jpg","position":[0.10754004865884781,0.03673604130744934,-0.4660128653049469],"rotation":[[0.983359158039093,0.018361086025834084,-0.1807420402765274],[-0.0007900279015302658,0.9953023791313171,0.09681173413991928],[0.18167056143283844,-0.095057912170887,0.9787542223930359]],"width":978},{"fx":582.4655151367188,"fy":583.0078125,"height":545,"id":6,"img_name":"000210.jpg","position":[0.16470040380954742,0.041064366698265076,-0.524938702583313],"rotation":[[0.9975817203521729,0.00643468601629138,-0.06920450180768967],[-0.00024016154929995537,0.9960182905197144,0.08914860337972641],[0.06950259953737259,-0.08891639858484268,0.993611216545105]],"width":978},{"fx":582.2405395507813,"fy":582.2408447265625,"height":545,"id":7,"img_name":"000209.jpg","position":[0.2403312623500824,0.03696129843592644,-0.48782411217689514],"rotation":[[0.9828195571899414,0.017200196161866188,-0.18376576900482178],[0.005718935281038284,0.9923322200775146,0.12346690893173218],[0.18448033928871155,-0.12239663302898407,0.9751851558685303]],"width":978},{"fx":583.2620849609375,"fy":583.972412109375,"height":545,"id":8,"img_name":"000211.jpg","position":[0.08481139689683914,0.03742460906505585,-0.5334915518760681],"rotation":[[0.9990824460983276,0.006623480003327131,-0.04231315106153488],[-0.0033225086517632008,0.9969781041145325,0.07761191576719284],[0.04269934445619583,-0.07740011066198349,0.9960853457450867]],"width":978},{"fx":583.9116821289063,"fy":584.1190795898438,"height":545,"id":9,"img_name":"000212.jpg","position":[0.016643235459923744,0.03304414451122284,-0.5287459492683411],"rotation":[[0.9997649192810059,0.011685308068990707,-0.018263153731822968],[-0.010168567299842834,0.9966588020324707,0.0810423418879509],[0.019149135798215866,-0.08083758503198624,0.9965433478355408]],"width":978},{"fx":582.9790649414063,"fy":582.9791259765625,"height":545,"id":10,"img_name":"000142.jpg","position":[0.05914776027202606,0.026835747063159943,-0.4258437752723694],"rotation":[[0.9998436570167542,-0.016215195879340172,0.007052933797240257],[0.015401558950543404,0.9945452809333801,0.1031622439622879],[-0.008687257766723633,-0.10303749144077301,0.99463951587677]],"width":978},{"fx":582.3941650390625,"fy":582.3954467773438,"height":545,"id":11,"img_name":"000213.jpg","position":[-0.038356561213731766,0.029460260644555092,-0.5075197219848633],"rotation":[[0.9998126029968262,0.0184811782091856,0.0057658045552670956],[-0.018907783553004265,0.9961366057395935,0.08575727045536041],[-0.004158633295446634,-0.08585022389888763,0.9962993860244751]],"width":978},{"fx":583.3749389648438,"fy":583.3756103515625,"height":545,"id":12,"img_name":"000039.jpg","position":[-0.025350242853164673,0.0075684585608541965,-0.5739648938179016],"rotation":[[0.990632951259613,-0.11861409991979599,-0.06765413284301758],[0.12550625205039978,0.9861019253730774,0.10886308550834656],[0.05380117520689964,-0.11633437871932983,0.9917518496513367]],"width":978},{"fx":584.23388671875,"fy":584.2344360351563,"height":545,"id":13,"img_name":"000040.jpg","position":[0.026150884106755257,0.010967705398797989,-0.605151891708374],"rotation":[[0.9844470024108887,-0.0844140499830246,-0.1540726274251938],[0.10222701728343964,0.9884805083274841,0.11160603910684586],[0.14287666976451874,-0.12562061846256256,0.9817360639572144]],"width":978},{"fx":583.5238647460938,"fy":583.5249633789063,"height":545,"id":14,"img_name":"000041.jpg","position":[0.08411974459886551,0.019877534359693527,-0.6155588030815125],"rotation":[[0.9686185121536255,-0.05705321207642555,-0.24191538989543915],[0.09022492170333862,0.9876178503036499,0.12833724915981293],[0.2315979152917862,-0.14613662660121918,0.9617725610733032]],"width":978},{"fx":581.896240234375,"fy":581.9356079101563,"height":545,"id":15,"img_name":"000208.jpg","position":[0.30112361907958984,0.036289941519498825,-0.47950100898742676],"rotation":[[0.9701309204101563,0.006087267771363258,-0.24250556528568268],[0.026359228417277336,0.9911205768585205,0.13032740354537964],[0.24114559590816498,-0.13282689452171326,0.9613562226295471]],"width":978},{"fx":582.7942504882813,"fy":583.0650634765625,"height":545,"id":16,"img_name":"000042.jpg","position":[0.1422778218984604,0.025273118168115616,-0.6633651852607727],"rotation":[[0.9601911902427673,-0.038625940680503845,-0.27666035294532776],[0.08118436485528946,0.9862317442893982,0.14406974613666534],[0.26728639006614685,-0.16079498827457428,0.9501067996025085]],"width":978},{"fx":581.306884765625,"fy":582.2639770507813,"height":545,"id":17,"img_name":"000139.jpg","position":[0.19852010905742645,0.040187887847423553,-0.4728669226169586],"rotation":[[0.7710403800010681,0.06496641039848328,-0.6334636211395264],[-0.008896900340914726,0.9957840442657471,0.09129592776298523],[0.6367241144180298,-0.06475698947906494,0.7683677077293396]],"width":978},{"fx":584.6323852539063,"fy":584.71337890625,"height":545,"id":18,"img_name":"000038.jpg","position":[-0.09159351140260696,0.010983262211084366,-0.5723210573196411],"rotation":[[0.9817652106285095,-0.16121727228164673,0.10072746872901917],[0.14971333742141724,0.9822603464126587,0.11291836202144623],[-0.11714498698711395,-0.09577907621860504,0.9884853959083557]],"width":978},{"fx":583.0645141601563,"fy":583.0648803710938,"height":545,"id":19,"img_name":"000043.jpg","position":[0.20467732846736908,0.03223290294408798,-0.7025178074836731],"rotation":[[0.9640340805053711,-0.03629510849714279,-0.2632887661457062],[0.08058241754770279,0.9839169383049011,0.15941742062568665],[0.25326821208000183,-0.17490026354789734,0.951454222202301]],"width":978},{"fx":580.6870727539063,"fy":580.942138671875,"height":545,"id":20,"img_name":"000138.jpg","position":[0.24322864413261414,0.03999274969100952,-0.44438719749450684],"rotation":[[0.6806068420410156,0.07213927805423737,-0.7290886640548706],[0.002568792551755905,0.994899570941925,0.10083778202533722],[0.7326443195343018,-0.07050377130508423,0.676950216293335]],"width":978},{"fx":580.2628173828125,"fy":580.263671875,"height":545,"id":21,"img_name":"000137.jpg","position":[0.29858502745628357,0.03842818737030029,-0.4281342029571533],"rotation":[[0.6799137592315674,0.0717669427394867,-0.7297717332839966],[0.014775237068533897,0.9936564564704895,0.1114836037158966],[0.7331432104110718,-0.08658179640769958,0.6745402812957764]],"width":978},{"fx":580.5302734375,"fy":581.354248046875,"height":545,"id":22,"img_name":"000014.jpg","position":[0.25520753860473633,0.0661635473370552,-0.4962996542453766],"rotation":[[0.7604800462722778,0.008072632364928722,-0.6493111252784729],[-0.035467397421598434,0.998946487903595,-0.02912028133869171],[0.6483920216560364,0.045174770057201385,0.759965181350708]],"width":978},{"fx":580.5684814453125,"fy":580.799560546875,"height":545,"id":23,"img_name":"000013.jpg","position":[0.2988768219947815,0.0701574832201004,-0.4810136556625366],"rotation":[[0.7053107023239136,0.0033821426331996918,-0.7088901996612549],[-0.030702751129865646,0.9991960525512695,-0.025780513882637024],[0.708233118057251,0.039948150515556335,0.7048474550247192]],"width":978},{"fx":579.595947265625,"fy":579.7757568359375,"height":545,"id":24,"img_name":"000012.jpg","position":[0.35666248202323914,0.06790698319673538,-0.45455309748649597],"rotation":[[0.6968936920166016,-0.0004183948040008545,-0.7171743512153625],[-0.017985904589295387,0.9996750950813293,-0.01806049421429634],[0.716948926448822,0.025485273450613022,0.6966597437858582]],"width":978},{"fx":579.561767578125,"fy":580.1243896484375,"height":545,"id":25,"img_name":"000011.jpg","position":[0.41047754883766174,0.07254703342914581,-0.4569241404533386],"rotation":[[0.7839160561561584,-0.004483003169298172,-0.6208506226539612],[-0.0018721295055001974,0.9999523162841797,-0.009584239684045315],[0.6208639740943909,0.00867555197328329,0.783870279788971]],"width":978},{"fx":579.326416015625,"fy":579.8818969726563,"height":545,"id":26,"img_name":"000136.jpg","position":[0.3822518587112427,0.052656177431344986,-0.4351669251918793],"rotation":[[0.7418842315673828,0.0606129951775074,-0.6677828431129456],[0.02327365055680275,0.9929780960083008,0.1159864217042923],[0.6701239943504333,-0.10159024596214294,0.7352640628814697]],"width":978},{"fx":579.464599609375,"fy":579.7155151367188,"height":545,"id":27,"img_name":"000010.jpg","position":[0.4765564203262329,0.07795601338148117,-0.4654683470726013],"rotation":[[0.8140868544578552,-0.009781152941286564,-0.5806607604026794],[0.009004917927086353,0.9999505281448364,-0.0042191315442323685],[0.5806732773780823,-0.0017940627876669168,0.8141346573829651]],"width":978},{"fx":579.377685546875,"fy":579.6126708984375,"height":545,"id":28,"img_name":"000135.jpg","position":[0.4652293622493744,0.06287330389022827,-0.4558795690536499],"rotation":[[0.8011797070503235,0.0482141450047493,-0.5964784026145935],[0.0289037823677063,0.992467999458313,0.11904558539390564],[0.5977254509925842,-0.11261738836765289,0.79375159740448]],"width":978},{"fx":580.8746337890625,"fy":580.8750610351563,"height":545,"id":29,"img_name":"000009.jpg","position":[0.5286071300506592,0.08132975548505783,-0.48490217328071594],"rotation":[[0.8312804102897644,-0.011782628484070301,-0.5557284355163574],[0.01465167198330164,0.9998924136161804,0.0007166936993598938],[0.5556602478027344,-0.008738122880458832,0.8313636183738708]],"width":978},{"fx":581.1320190429688,"fy":581.1325073242188,"height":545,"id":30,"img_name":"000008.jpg","position":[0.5852315425872803,0.08185341954231262,-0.48843058943748474],"rotation":[[0.7896366715431213,-0.009191705845296383,-0.6135058999061584],[0.015137876383960247,0.9998752474784851,0.0045034009963274],[0.6133880019187927,-0.01284322701394558,0.7896773219108582]],"width":978},{"fx":581.1514892578125,"fy":581.1522827148438,"height":545,"id":31,"img_name":"000134.jpg","position":[0.5428931713104248,0.05947300046682358,-0.4916950464248657],"rotation":[[0.8306648135185242,0.04073602333664894,-0.5552806258201599],[0.030484940856695175,0.9924961924552917,0.11841422319412231],[0.5559375882148743,-0.11529022455215454,0.8231898546218872]],"width":978},{"fx":580.35302734375,"fy":580.3966064453125,"height":545,"id":32,"img_name":"000007.jpg","position":[0.632529079914093,0.08494526892900467,-0.4878774881362915],"rotation":[[0.7801230549812317,-0.0060360548086464405,-0.6255970001220703],[0.01683023013174534,0.999794065952301,0.011340910568833351],[0.6253997087478638,-0.019376246258616447,0.7800639867782593]],"width":978},{"fx":582.0625610351563,"fy":583.3733520507813,"height":545,"id":33,"img_name":"000207.jpg","position":[0.38114315271377563,0.03808552771806717,-0.4560425579547882],"rotation":[[0.989966869354248,-0.02264891192317009,-0.1394728273153305],[0.04225532338023186,0.9893532991409302,0.13926437497138977],[0.1348337084054947,-0.1437605917453766,0.9803839921951294]],"width":978},{"fx":580.7295532226563,"fy":580.7300415039063,"height":545,"id":34,"img_name":"000133.jpg","position":[0.6129389405250549,0.0615885891020298,-0.5060930252075195],"rotation":[[0.8198532462120056,0.03629421815276146,-0.571422278881073],[0.03872579708695412,0.9921888709068298,0.11858164519071579],[0.5712626576423645,-0.11934832483530045,0.8120437264442444]],"width":978},{"fx":581.04052734375,"fy":581.9442138671875,"height":545,"id":35,"img_name":"000200.jpg","position":[0.5994244813919067,0.07501678168773651,-0.5108084678649902],"rotation":[[0.6688228845596313,0.10120163857936859,-0.7365013360977173],[-0.037313032895326614,0.9940121173858643,0.1027015745639801],[0.7424848079681396,-0.04120805859565735,0.668594241142273]],"width":978},{"fx":580.3629150390625,"fy":580.5859985351563,"height":545,"id":36,"img_name":"000006.jpg","position":[0.6725264191627502,0.09059303998947144,-0.4968663454055786],"rotation":[[0.7415688037872314,0.0012991130352020264,-0.6708755493164063],[0.011317729018628597,0.9998316168785095,0.014446448534727097],[0.6707813739776611,-0.01830582320690155,0.7414292097091675]],"width":978},{"fx":580.70263671875,"fy":581.017822265625,"height":545,"id":37,"img_name":"000002.jpg","position":[0.6769406199455261,0.09118449687957764,-0.4620697796344757],"rotation":[[0.7417987585067749,-0.006578718777745962,-0.670590341091156],[0.021386681124567986,0.9996753334999084,0.013850528746843338],[0.6702814698219299,-0.024616006761789322,0.7416986227035522]],"width":978},{"fx":580.6786499023438,"fy":581.1693725585938,"height":545,"id":38,"img_name":"000001.jpg","position":[0.6709430813789368,0.08822086453437805,-0.4341183006763458],"rotation":[[0.7387495040893555,-0.012387927621603012,-0.6738662719726563],[0.024807587265968323,0.9996533393859863,0.008819198235869408],[0.6735234260559082,-0.023232175037264824,0.7388007044792175]],"width":978},{"fx":579.628173828125,"fy":580.4032592773438,"height":545,"id":39,"img_name":"000003.jpg","position":[0.7022717595100403,0.0925711989402771,-0.48498037457466125],"rotation":[[0.6893869638442993,-0.0026394007727503777,-0.7243884205818176],[0.01895381510257721,0.9997166991233826,0.014395397156476974],[0.724145233631134,-0.023653924465179443,0.6892417669296265]],"width":978},{"fx":580.0604858398438,"fy":580.7320556640625,"height":545,"id":40,"img_name":"000005.jpg","position":[0.7002638578414917,0.09324745833873749,-0.4883599579334259],"rotation":[[0.6703131794929504,0.00509930495172739,-0.7420607805252075],[0.009263640269637108,0.9998409748077393,0.015238690190017223],[0.7420204877853394,-0.0170888788998127,0.6701593399047852]],"width":978},{"fx":579.7459106445313,"fy":580.904541015625,"height":545,"id":41,"img_name":"000004.jpg","position":[0.7117249369621277,0.09532393515110016,-0.4866845905780792],"rotation":[[0.6318193674087524,0.004721495322883129,-0.775101363658905],[0.009805668145418167,0.99985271692276,0.014083593152463436],[0.7750536799430847,-0.01649867184460163,0.6316800117492676]],"width":978},{"fx":581.0111694335938,"fy":581.6788330078125,"height":545,"id":42,"img_name":"000201.jpg","position":[0.6467819809913635,0.07859081029891968,-0.5493636131286621],"rotation":[[0.7591016888618469,0.10025610774755478,-0.6432055830955505],[-0.037443242967128754,0.9931579828262329,0.11061304807662964],[0.6498944163322449,-0.05988284945487976,0.7576618194580078]],"width":978},{"fx":580.7052001953125,"fy":581.8359375,"height":545,"id":43,"img_name":"000199.jpg","position":[0.5482363104820251,0.07725699990987778,-0.46525266766548157],"rotation":[[0.5647996664047241,0.10195664316415787,-0.8189054727554321],[-0.028779588639736176,0.9941683411598206,0.10392819344997406],[0.8247261047363281,-0.035130858421325684,0.5644402503967285]],"width":978},{"fx":579.8485107421875,"fy":580.5891723632813,"height":545,"id":44,"img_name":"000132.jpg","position":[0.6845669150352478,0.05974734574556351,-0.5386384725570679],"rotation":[[0.8341349363327026,0.030581988394260406,-0.550711989402771],[0.04119878262281418,0.9922177791595459,0.11750125139951706],[0.5500196218490601,-0.12070056051015854,0.8263835906982422]],"width":978},{"fx":580.8583984375,"fy":580.8584594726563,"height":545,"id":45,"img_name":"000198.jpg","position":[0.5234619975090027,0.0717380940914154,-0.4075694978237152],"rotation":[[0.5220541954040527,0.0979747548699379,-0.8472663760185242],[-0.0073903873562812805,0.9938627481460571,0.11037293076515198],[0.8528802990913391,-0.05135902762413025,0.5195743441581726]],"width":978},{"fx":583.23388671875,"fy":583.236572265625,"height":545,"id":46,"img_name":"000202.jpg","position":[0.6615806221961975,0.07877522706985474,-0.5479018092155457],"rotation":[[0.86891770362854,0.09398245811462402,-0.4859519302845001],[-0.03593908250331879,0.9911956787109375,0.12743422389030457],[0.49365004897117615,-0.09326519072055817,0.8646451830863953]],"width":978},{"fx":581.3989868164063,"fy":581.4892578125,"height":545,"id":47,"img_name":"000197.jpg","position":[0.5635364055633545,0.07250511646270752,-0.3640740215778351],"rotation":[[0.5074120759963989,0.0927024856209755,-0.8567025661468506],[0.013546332716941833,0.9932153820991516,0.1154976338148117],[0.8615970611572266,-0.07021008431911469,0.502713680267334]],"width":978},{"fx":579.4732055664063,"fy":580.7196655273438,"height":545,"id":48,"img_name":"000131.jpg","position":[0.7632514834403992,0.052779603749513626,-0.5249740481376648],"rotation":[[0.8264257311820984,0.03763055428862572,-0.5617868304252625],[0.03971097990870476,0.9913838505744934,0.12482404708862305],[0.561643660068512,-0.12546691298484802,0.8178108334541321]],"width":978},{"fx":580.8167724609375,"fy":580.8168334960938,"height":545,"id":49,"img_name":"000203.jpg","position":[0.6377075910568237,0.07160958647727966,-0.533503532409668],"rotation":[[0.9669496417045593,0.05974196642637253,-0.24786953628063202],[-0.024588415399193764,0.9894798398017883,0.1425657570362091],[0.2537790834903717,-0.13175919651985168,0.9582461714744568]],"width":978},{"fx":583.3590087890625,"fy":583.360107421875,"height":545,"id":50,"img_name":"000044.jpg","position":[0.24547573924064636,0.03846965357661247,-0.7268933653831482],"rotation":[[0.9918522834777832,-0.05465155094861984,-0.115075021982193],[0.07629092782735825,0.9782318472862244,0.19298233091831207],[0.10202325880527496,-0.20018915832042694,0.9744309186935425]],"width":978},{"fx":579.6295776367188,"fy":579.726318359375,"height":545,"id":51,"img_name":"000143.jpg","position":[0.013343407772481441,-0.0065690092742443085,-0.4037550389766693],"rotation":[[0.9775006771087646,-0.046688176691532135,0.20570042729377747],[0.024231314659118652,0.9935952425003052,0.11036934703588486],[-0.2095358967781067,-0.10290171951055527,0.9723712801933289]],"width":978},{"fx":582.5283813476563,"fy":582.6511840820313,"height":545,"id":52,"img_name":"000019.jpg","position":[0.2211548537015915,0.08285453915596008,-0.5752429962158203],"rotation":[[0.9936906695365906,-0.007751379627734423,0.1118873730301857],[0.00930030271410942,0.9998679161071777,-0.013328291475772858],[-0.11176928132772446,0.014284785836935043,0.9936314821243286]],"width":978},{"fx":583.0513916015625,"fy":583.052001953125,"height":545,"id":53,"img_name":"000020.jpg","position":[0.23171588778495789,0.07659465074539185,-0.576086163520813],"rotation":[[0.9915065765380859,-0.023860599845647812,0.12784916162490845],[0.015940185636281967,0.9979101419448853,0.06262017786502838],[-0.12907612323760986,-0.06005037948489189,0.9898147583007813]],"width":978},{"fx":582.4028930664063,"fy":582.404052734375,"height":545,"id":54,"img_name":"000021.jpg","position":[0.2167464941740036,0.05714213103055954,-0.5614418983459473],"rotation":[[0.9866631627082825,-0.05340620130300522,0.15376456081867218],[0.028039375320076942,0.9862868189811707,0.16264094412326813],[-0.1603419929742813,-0.156160369515419,0.9746303558349609]],"width":978},{"fx":584.2373657226563,"fy":584.2379760742188,"height":545,"id":55,"img_name":"000214.jpg","position":[-0.09153980016708374,0.028987906873226166,-0.4766058027744293],"rotation":[[0.9884091019630432,0.008097031153738499,0.15159787237644196],[-0.02100972831249237,0.9962635636329651,0.0837704986333847],[-0.15035314857959747,-0.08598455786705017,0.9848860502243042]],"width":978},{"fx":581.9693603515625,"fy":581.9703979492188,"height":545,"id":56,"img_name":"000045.jpg","position":[0.19977404177188873,0.02200058102607727,-0.7396355867385864],"rotation":[[0.9911660552024841,-0.09552930295467377,0.09199994802474976],[0.0728798508644104,0.9718661904335022,0.22397466003894806],[-0.11080777645111084,-0.2152911275625229,0.9702429175376892]],"width":978},{"fx":580.7421875,"fy":580.8345947265625,"height":545,"id":57,"img_name":"000130.jpg","position":[0.8217321038246155,0.04006873816251755,-0.5018544793128967],"rotation":[[0.7358894944190979,0.051496267318725586,-0.6751406192779541],[0.044674284756183624,0.9912384152412415,0.12430065870285034],[0.675626277923584,-0.12163297832012177,0.7271413803100586]],"width":978},{"fx":581.1715087890625,"fy":581.343994140625,"height":545,"id":58,"img_name":"000196.jpg","position":[0.6038181185722351,0.06965021789073944,-0.3083660304546356],"rotation":[[0.48241811990737915,0.09507544338703156,-0.8707659840583801],[0.03584104776382446,0.9911169409751892,0.1280725747346878],[0.8752074837684631,-0.09299369156360626,0.4747251868247986]],"width":978},{"fx":581.88134765625,"fy":581.882080078125,"height":545,"id":59,"img_name":"000022.jpg","position":[0.19867604970932007,0.04448853060603142,-0.5314978957176208],"rotation":[[0.9474020600318909,-0.10911041498184204,0.30087247490882874],[0.05134693905711174,0.9797332882881165,0.19361332058906555],[-0.3158999979496002,-0.16798079013824463,0.9338038563728333]],"width":978},{"fx":585.0156860351563,"fy":585.016845703125,"height":545,"id":60,"img_name":"000215.jpg","position":[-0.1527799516916275,0.026888178661465645,-0.44832518696784973],"rotation":[[0.9914247989654541,0.0070555852726101875,0.13048765063285828],[-0.01855672150850296,0.9960236549377441,0.0871351808309555],[-0.12935400009155273,-0.08880940079689026,0.9876134991645813]],"width":978},{"fx":584.0785522460938,"fy":584.4431762695313,"height":545,"id":61,"img_name":"000037.jpg","position":[-0.15153342485427856,0.011539844796061516,-0.5531725883483887],"rotation":[[0.9329306483268738,-0.20195867121219635,0.2980823814868927],[0.16770534217357635,0.9763265252113342,0.13660705089569092],[-0.3186146914958954,-0.07745490223169327,0.9447144865989685]],"width":978},{"fx":582.0491333007813,"fy":582.8823852539063,"height":545,"id":62,"img_name":"000046.jpg","position":[0.13402001559734344,0.013800344429910183,-0.7168141007423401],"rotation":[[0.9602342247962952,-0.14528816938400269,0.23841476440429688],[0.08701973408460617,0.9671398997306824,0.2388889640569687],[-0.26528817415237427,-0.20864255726337433,0.9413237571716309]],"width":978},{"fx":582.0653076171875,"fy":582.4218139648438,"height":545,"id":63,"img_name":"000047.jpg","position":[0.05841651186347008,0.012280055321753025,-0.6863893866539001],"rotation":[[0.9296466708183289,-0.18018119037151337,0.32139045000076294],[0.10446713864803314,0.9653741121292114,0.2390386313199997],[-0.3533322811126709,-0.18864671885967255,0.9162797927856445]],"width":978},{"fx":582.3302001953125,"fy":582.8890991210938,"height":545,"id":64,"img_name":"000048.jpg","position":[-0.028783710673451424,0.0014605761971324682,-0.6515249013900757],"rotation":[[0.8943045735359192,-0.20293675363063812,0.39879322052001953],[0.11705334484577179,0.9663069844245911,0.22923627495765686],[-0.43187713623046875,-0.15832698345184326,0.8879271745681763]],"width":978},{"fx":582.7190551757813,"fy":583.0247192382813,"height":545,"id":65,"img_name":"000049.jpg","position":[-0.114560566842556,-0.008098193444311619,-0.6055266261100769],"rotation":[[0.8733475208282471,-0.21728192269802094,0.435950368642807],[0.128184512257576,0.965970516204834,0.22465470433235168],[-0.4699285924434662,-0.14031952619552612,0.8714801073074341]],"width":978},{"fx":581.8005981445313,"fy":581.8021850585938,"height":545,"id":66,"img_name":"000144.jpg","position":[-0.017835551872849464,-0.021747635677456856,-0.37845608592033386],"rotation":[[0.9040895104408264,-0.08378981053829193,0.4190483093261719],[0.03489115461707115,0.991788923740387,0.12303376942873001],[-0.4259164333343506,-0.09661246091127396,0.899589478969574]],"width":978},{"fx":583.0515747070313,"fy":583.0521240234375,"height":545,"id":67,"img_name":"000050.jpg","position":[-0.2022371143102646,-0.0078212209045887,-0.5772939920425415],"rotation":[[0.866459846496582,-0.2200542837381363,0.44813328981399536],[0.13323445618152618,0.9669853448867798,0.21722771227359772],[-0.4811401963233948,-0.12851230800151825,0.8671728372573853]],"width":978},{"fx":583.78564453125,"fy":583.7857055664063,"height":545,"id":68,"img_name":"000036.jpg","position":[-0.20129361748695374,0.007770557422190905,-0.5069023966789246],"rotation":[[0.8624589443206787,-0.23096224665641785,0.45035648345947266],[0.17899376153945923,0.9714934825897217,0.15544027090072632],[-0.473419189453125,-0.053449846804142,0.8792140483856201]],"width":978},{"fx":582.7501220703125,"fy":582.750244140625,"height":545,"id":69,"img_name":"000024.jpg","position":[0.09564265608787537,0.03041943348944187,-0.46450963616371155],"rotation":[[0.8421873450279236,-0.22814227640628815,0.48854026198387146],[0.1371166855096817,0.9669051170349121,0.2151593267917633],[-0.5214589834213257,-0.11421745270490646,0.8455973863601685]],"width":978},{"fx":581.9593505859375,"fy":581.9608154296875,"height":545,"id":70,"img_name":"000023.jpg","position":[0.14947164058685303,0.03549031913280487,-0.5069767832756042],"rotation":[[0.8866634964942932,-0.1757342368364334,0.4277210533618927],[0.09237737953662872,0.9736424684524536,0.20853470265865326],[-0.45309409499168396,-0.1453883796930313,0.8795271515846252]],"width":978},{"fx":581.614990234375,"fy":581.6160888671875,"height":545,"id":71,"img_name":"000025.jpg","position":[0.04611808806657791,0.0271686390042305,-0.43876776099205017],"rotation":[[0.8049668669700623,-0.26064780354499817,0.5330020189285278],[0.16761071979999542,0.9616454839706421,0.21712809801101685],[-0.5691529512405396,-0.08544409275054932,0.817780077457428]],"width":978},{"fx":583.992919921875,"fy":583.993408203125,"height":545,"id":72,"img_name":"000216.jpg","position":[-0.2076650857925415,0.022623775526881218,-0.4294375479221344],"rotation":[[0.9989891648292542,0.01541167963296175,0.042226921766996384],[-0.01913430541753769,0.9958279132843018,0.08922228962182999],[-0.040675681084394455,-0.08994007855653763,0.9951162338256836]],"width":978},{"fx":582.7046508789063,"fy":582.7053833007813,"height":545,"id":73,"img_name":"000051.jpg","position":[-0.2762627899646759,-0.011228891089558601,-0.5365368127822876],"rotation":[[0.8527541160583496,-0.22134451568126678,0.47309303283691406],[0.13190941512584686,0.9676706194877625,0.21497315168380737],[-0.5053813457489014,-0.12091382592916489,0.8543825149536133]],"width":978},{"fx":581.9301147460938,"fy":581.93017578125,"height":545,"id":74,"img_name":"000026.jpg","position":[-0.0021535467822104692,0.023513367399573326,-0.40573951601982117],"rotation":[[0.7199339866638184,-0.29248595237731934,0.6294021010398865],[0.18069924414157867,0.9545799493789673,0.23690690100193024],[-0.6701065897941589,-0.056824877858161926,0.740086555480957]],"width":978},{"fx":582.2514038085938,"fy":582.2515869140625,"height":545,"id":75,"img_name":"000145.jpg","position":[-0.07290402799844742,-0.018938038498163223,-0.3636970520019531],"rotation":[[0.7778083086013794,-0.12363779544830322,0.6162206530570984],[0.04411928728222847,0.9887822270393372,0.1426996886730194],[-0.6269511580467224,-0.08380579203367233,0.7745378017425537]],"width":978},{"fx":581.731689453125,"fy":582.1953735351563,"height":545,"id":76,"img_name":"000027.jpg","position":[-0.06899229437112808,0.014095250517129898,-0.3765026032924652],"rotation":[[0.6316616535186768,-0.30651724338531494,0.7120749354362488],[0.1864592432975769,0.9516223073005676,0.24422922730445862],[-0.7524868845939636,-0.02149728685617447,0.6582562923431396]],"width":978},{"fx":582.4627075195313,"fy":583.2296142578125,"height":545,"id":77,"img_name":"000206.jpg","position":[0.45910027623176575,0.04356129840016365,-0.46856749057769775],"rotation":[[0.9987236857414246,-0.04076945409178734,-0.029814202338457108],[0.044717926532030106,0.9881699085235596,0.1466987133026123],[0.023480672389268875,-0.14784470200538635,0.9887318015098572]],"width":978},{"fx":580.24609375,"fy":581.399169921875,"height":545,"id":78,"img_name":"000204.jpg","position":[0.5912337303161621,0.05379045009613037,-0.5179057717323303],"rotation":[[0.9997024536132813,0.005469275638461113,-0.02377106063067913],[-0.0018860269337892532,0.9889523386955261,0.1482217162847519],[0.024319110438227654,-0.148132786154747,0.9886684417724609]],"width":978},{"fx":581.6101684570313,"fy":582.8246459960938,"height":545,"id":79,"img_name":"000205.jpg","position":[0.5247729420661926,0.04984627291560173,-0.49610957503318787],"rotation":[[0.9972056746482849,-0.034033581614494324,0.06650194525718689],[0.023710863664746284,0.9883614778518677,0.15026435256004333],[-0.07084199786186218,-0.14826765656471252,0.986406683921814]],"width":978},{"fx":583.3313598632813,"fy":583.4099731445313,"height":545,"id":80,"img_name":"000035.jpg","position":[-0.25475504994392395,0.004689924418926239,-0.4446980655193329],"rotation":[[0.778226375579834,-0.2531808316707611,0.5746852159500122],[0.18520763516426086,0.9669566750526428,0.17519403994083405],[-0.6000515222549438,-0.029904529452323914,0.7994022369384766]],"width":978},{"fx":579.447265625,"fy":580.2337646484375,"height":545,"id":81,"img_name":"000129.jpg","position":[0.8865461349487305,0.030929895117878914,-0.4844307005405426],"rotation":[[0.6757901310920715,0.07472286373376846,-0.733296811580658],[0.04943963140249252,0.9880127906799316,0.14624089002609253],[0.7354342341423035,-0.13508206605911255,0.6639950275421143]],"width":978},{"fx":579.6139526367188,"fy":580.5745239257813,"height":545,"id":82,"img_name":"000128.jpg","position":[0.9237951040267944,0.037698984146118164,-0.4333433210849762],"rotation":[[0.6672060489654541,0.08312097191810608,-0.7402209043502808],[0.04781244695186615,0.9869257807731628,0.1539202481508255],[0.7433371543884277,-0.13808830082416534,0.654508650302887]],"width":978},{"fx":580.4593505859375,"fy":580.7029418945313,"height":545,"id":83,"img_name":"000195.jpg","position":[0.6520970463752747,0.07032807171344757,-0.2708653509616852],"rotation":[[0.5315016508102417,0.14124755561351776,-0.8351976871490479],[0.05650971829891205,0.9778897762298584,0.20134101808071136],[0.845170259475708,-0.15420986711978912,0.5117681622505188]],"width":978},{"fx":582.2935180664063,"fy":582.2940673828125,"height":545,"id":84,"img_name":"000146.jpg","position":[-0.11313227564096451,-0.016164114698767662,-0.3237151503562927],"rotation":[[0.6683635711669922,-0.1758601814508438,0.7227470874786377],[0.053399354219436646,0.9804869294166565,0.18919265270233154],[-0.7419155836105347,-0.0878552496433258,0.6647125482559204]],"width":978},{"fx":582.8872680664063,"fy":583.165283203125,"height":545,"id":85,"img_name":"000028.jpg","position":[-0.12722180783748627,0.008295480161905289,-0.3357420265674591],"rotation":[[0.5946066379547119,-0.31129199266433716,0.7413098216056824],[0.19554907083511353,0.9503138661384583,0.2422068566083908],[-0.7798740267753601,0.0009446442127227783,0.6259357929229736]],"width":978},{"fx":582.810791015625,"fy":582.8109741210938,"height":545,"id":86,"img_name":"000052.jpg","position":[-0.3609428405761719,-0.012349714525043964,-0.49988800287246704],"rotation":[[0.8337960243225098,-0.22281292080879211,0.5051125288009644],[0.12738609313964844,0.9678967595100403,0.21667629480361938],[-0.5371750593185425,-0.11631952971220016,0.8354117274284363]],"width":978},{"fx":582.9865112304688,"fy":582.9866943359375,"height":545,"id":87,"img_name":"000217.jpg","position":[-0.25300657749176025,0.02002815157175064,-0.3911399841308594],"rotation":[[0.9975767731666565,0.027527300640940666,-0.06389662623405457],[-0.021453266963362694,0.995353102684021,0.09387196600437164],[0.06618374586105347,-0.09227369725704193,0.9935317039489746]],"width":978},{"fx":582.2013549804688,"fy":582.498046875,"height":545,"id":88,"img_name":"000034.jpg","position":[-0.29268941283226013,-0.0037467533256858587,-0.3855481743812561],"rotation":[[0.6947231888771057,-0.27085381746292114,0.6663317084312439],[0.18882182240486145,0.962576150894165,0.1944054663181305],[-0.6940504908561707,-0.009240016341209412,0.7198670506477356]],"width":978},{"fx":580.4412231445313,"fy":581.1723022460938,"height":545,"id":89,"img_name":"000127.jpg","position":[0.9480836391448975,0.046520549803972244,-0.3563278019428253],"rotation":[[0.6535907983779907,0.08785772323608398,-0.7517314553260803],[0.04037238657474518,0.9877781271934509,0.1505470871925354],[0.7557706236839294,-0.12874537706375122,0.6420556306838989]],"width":978},{"fx":582.6531982421875,"fy":582.8649291992188,"height":545,"id":90,"img_name":"000053.jpg","position":[-0.4326826333999634,-0.01596405915915966,-0.4702167510986328],"rotation":[[0.8157269954681396,-0.22618305683135986,0.5323821306228638],[0.1250554621219635,0.9675730466842651,0.21946179866790771],[-0.5647571086883545,-0.11244364827871323,0.8175609111785889]],"width":978},{"fx":584.18701171875,"fy":584.2982177734375,"height":545,"id":91,"img_name":"000218.jpg","position":[-0.30292394757270813,0.014498631469905376,-0.3627606928348541],"rotation":[[0.9956194162368774,0.03716929256916046,-0.085793137550354],[-0.029175786301493645,0.995274543762207,0.0926143229007721],[0.0888301283121109,-0.08970554172992706,0.9919990301132202]],"width":978},{"fx":580.5897216796875,"fy":580.5908203125,"height":545,"id":92,"img_name":"000194.jpg","position":[0.6705357432365417,0.07086643576622009,-0.20983044803142548],"rotation":[[0.5819954872131348,0.15606334805488586,-0.7980761528015137],[0.08443485200405121,0.9645097255706787,0.2501832842826843],[0.8087966442108154,-0.21299098432064056,0.548163115978241]],"width":978},{"fx":580.2620849609375,"fy":580.8106079101563,"height":545,"id":93,"img_name":"000126.jpg","position":[0.9598491787910461,0.06124657019972801,-0.27145978808403015],"rotation":[[0.6260381937026978,0.09818177670240402,-0.7735868692398071],[0.03110533207654953,0.988108217716217,0.15058083832263947],[0.7791718244552612,-0.11833203583955765,0.61553955078125]],"width":978},{"fx":583.0262451171875,"fy":583.050048828125,"height":545,"id":94,"img_name":"000033.jpg","position":[-0.3311697542667389,-0.002974023576825857,-0.34551334381103516],"rotation":[[0.6038707494735718,-0.2779441475868225,0.7470523715019226],[0.18832701444625854,0.960449755191803,0.20510774850845337],[-0.7745147347450256,0.016831539571285248,0.632331907749176]],"width":978},{"fx":583.3494262695313,"fy":583.3494873046875,"height":545,"id":95,"img_name":"000029.jpg","position":[-0.19001665711402893,-0.00028214286430738866,-0.306465208530426],"rotation":[[0.5531136989593506,-0.30355966091156006,0.7758329510688782],[0.19074732065200806,0.9526601433753967,0.23675747215747833],[-0.8109751343727112,0.017034247517585754,0.5848325490951538]],"width":978},{"fx":583.0855712890625,"fy":583.086669921875,"height":545,"id":96,"img_name":"000147.jpg","position":[-0.17571112513542175,-0.014985581859946251,-0.2898229658603668],"rotation":[[0.5739859342575073,-0.23196865618228912,0.7853220105171204],[0.0679435282945633,0.9692214131355286,0.23662951588630676],[-0.8160415291786194,-0.08246446400880814,0.5720802545547485]],"width":978},{"fx":584.2657470703125,"fy":584.2667236328125,"height":545,"id":97,"img_name":"000150.jpg","position":[-0.3350170850753784,-0.008844961412250996,-0.3189111649990082],"rotation":[[0.4529544711112976,-0.3326123356819153,0.8271645903587341],[0.15890911221504211,0.9430631995201111,0.2921980619430542],[-0.8772571682929993,-0.0009084194898605347,0.48001980781555176]],"width":978},{"fx":583.9656372070313,"fy":583.9659423828125,"height":545,"id":98,"img_name":"000032.jpg","position":[-0.3078886866569519,-0.009897906333208084,-0.31379494071006775],"rotation":[[0.5147008895874023,-0.29013851284980774,0.8067854642868042],[0.1835712343454361,0.9564713835716248,0.22685697674751282],[-0.8374871015548706,0.03133907914161682,0.5455577373504639]],"width":978},{"fx":583.6170654296875,"fy":583.6175537109375,"height":545,"id":99,"img_name":"000149.jpg","position":[-0.2787909209728241,-0.015443030744791031,-0.3001723289489746],"rotation":[[0.40184032917022705,-0.31057021021842957,0.8614351749420166],[0.11015340685844421,0.950292706489563,0.29122161865234375],[-0.9090603590011597,-0.022134587168693542,0.41607630252838135]],"width":978},{"fx":584.1341552734375,"fy":584.1350708007813,"height":545,"id":100,"img_name":"000030.jpg","position":[-0.2367682009935379,-0.0023001041263341904,-0.28441137075424194],"rotation":[[0.5253815650939941,-0.30165743827819824,0.795598566532135],[0.18558351695537567,0.9531587362289429,0.23884564638137817],[-0.8303812146186829,0.022164851427078247,0.5567547082901001]],"width":978},{"fx":579.85107421875,"fy":579.8511352539063,"height":545,"id":101,"img_name":"000148.jpg","position":[-0.21347279846668243,-0.016199277713894844,-0.26925310492515564],"rotation":[[0.48641300201416016,-0.2762104868888855,0.8289210200309753],[0.08433457463979721,0.9591288566589355,0.27011018991470337],[-0.869649350643158,-0.06147841364145279,0.48982685804367065]],"width":978},{"fx":583.6654052734375,"fy":583.6655883789063,"height":545,"id":102,"img_name":"000031.jpg","position":[-0.2870425581932068,-0.00836397334933281,-0.2853572964668274],"rotation":[[0.49458426237106323,-0.29301032423973083,0.8182490468025208],[0.17805472016334534,0.9556488394737244,0.2345886379480362],[-0.8506956696510315,0.02966924011707306,0.5248207449913025]],"width":978},{"fx":580.249755859375,"fy":581.0481567382813,"height":545,"id":103,"img_name":"000151.jpg","position":[-0.37350285053253174,-0.004086809232831001,-0.3030218482017517],"rotation":[[0.5099200010299683,-0.35424184799194336,0.783896803855896],[0.18519435822963715,0.9351117014884949,0.30210787057876587],[-0.8400503396987915,-0.008877590298652649,0.5424357652664185]],"width":978},{"fx":582.1336669921875,"fy":582.6242065429688,"height":545,"id":104,"img_name":"000054.jpg","position":[-0.4907710552215576,-0.012570502236485481,-0.43359625339508057],"rotation":[[0.7867737412452698,-0.23283836245536804,0.5716409683227539],[0.12057363986968994,0.9662560820579529,0.2276207059621811],[-0.6053503751754761,-0.11016117036342621,0.7882990837097168]],"width":978},{"fx":584.7183227539063,"fy":584.720458984375,"height":545,"id":105,"img_name":"000219.jpg","position":[-0.35357826948165894,0.010624825023114681,-0.3376590609550476],"rotation":[[0.9985923171043396,0.03207429125905037,-0.042244281619787216],[-0.02805597148835659,0.995317280292511,0.09250053763389587],[0.04501334950327873,-0.09118512272834778,0.9948161244392395]],"width":978},{"fx":581.7815551757813,"fy":582.526123046875,"height":545,"id":106,"img_name":"000222.jpg","position":[-0.48726606369018555,0.035222187638282776,-0.38351961970329285],"rotation":[[0.8322163224220276,-0.05829070508480072,0.551