{
    "w": 979,
    "h": 546,
    "fl_x": 582.1462721344036,
    "fl_y": 577.4122695491546,
    "cx": 491.02310169757186,
    "cy": 271.6292636211176,
    "k1": -0.00025901942243882484,
    "k2": 0.00019423250051017055,
    "p1": -0.00015876137898732413,
    "p2": 0.0007921945694319145,
    "camera_model": "OPENCV",
    "frames": [
        {
            "file_path": "images/000251.jpg",
            "transform_matrix": [
                [
                    -0.8940342962697617,
                    -0.09157623667600316,
                    0.4385390176138171,
                    2.091760865748511
                ],
                [
                    0.43762633715598415,
                    -0.3879386967064766,
                    0.8111638284743202,
                    4.639898241528623
                ],
                [
                    0.09584292420866564,
                    0.9171245065278437,
                    0.3869066727328323,
                    1.069188900155009
                ],
                [
                    0.0,
                    0.0,
                    0.0,
                    1.0
                ]
            ],
            "colmap_im_id": 251
        },
        {
            "file_path": "images/000250.jpg",
            "transform_matrix": [
                [
                    -0.9208203522200499,
                    -0.08973587845565961,
                    0.37952253036563416,
                    1.9766544193681213
                ],
                [
                    0.38290722818900824,
                    -0.3926237618574321,
                    0.8361989214448491,
                    4.640784375563016
                ],
                [
                    0.07397251880227809,
                    0.9153109055084558,
                    0.395896467172084,
                    1.0605330403654523
                ],
                [
                    0.0,
                    0.0,
                    0.0,
                    1.0
                ]
            ],
            "colmap_im_id": 250
        },
        {
            "file_path": "images/000249.jpg",
            "transform_matrix": [
                [
                    -0.9604212805067464,
                    -0.08822225521198752,
                    0.2642116531023786,
                    1.6474221285420072
                ],
                [
                    0.27703413280108014,
                    -0.4013964135800872,
                    0.8730022957748715,
                    4.529638495261062
                ],
                [
                    0.029035378642859135,
                    0.9116456289865895,
                    0.4099502334878117,
                    1.0360995510499058
                ],
                [
                    0.0,
                    0.0,
                    0.0,
                    1.0
                ]
            ],
            "colmap_im_id": 249
        },
        {
            "file_path": "images/000248.jpg",
            "transform_matrix": [
                [
                    -0.9685594905449056,
                    -0.09226480578670106,
                    0.2310405135220548,
                    1.2764323519750007
                ],
                [
                    0.24836465601154697,
                    -0.4123768781673318,
                    0.8765045966777535,
                    4.402029103029309
                ],
                [
                    0.01440523931277852,
                    0.9063291432841095,
                    0.4223268557814358,
                    0.9961542751169663
                ],
                [
                    0.0,
                    0.0,
                    0.0,
                    1.0
                ]
            ],
            "colmap_im_id": 248
        },
        {
            "file_path": "images/000247.jpg",
            "transform_matrix": [
                [
                    -0.9840002178021493,
                    -0.09309254528806918,
                    0.15191230818176185,
                    0.8818656713809514
                ],
                [
                    0.177148057227966,
                    -0.4201301725793867,
                    0.8900051707202443,
                    4.204934280937674
                ],
                [
                    -0.019029902408553522,
                    0.9026762520971756,
                    0.42989934486355913,
                    0.9376140803623766
                ],
                [
                    0.0,
                    0.0,
                    0.0,
                    1.0
                ]
            ],
            "colmap_im_id": 247
        },
        {
            "file_path": "images/000246.jpg",
            "transform_matrix": [
                [
                    -0.9900077316124122,
                    -0.09613978979659699,
                    0.10315925632493098,
                    0.49848309164856486
                ],
                [
                    0.13466003593866954,
                    -0.42744844736573046,
                    0.8939544169394898,
                    4.092114590007106
                ],
                [
                    -0.0418493257848068,
                    0.8989132136432818,
                    0.4361234553069401,
                    0.8932828794379469
                ],
                [
                    0.0,
                    0.0,
                    0.0,
                    1.0
                ]
            ],
            "colmap_im_id": 246
        },
        {
            "file_path": "images/000245.jpg",
            "transform_matrix": [
                [
                    -0.9894503874096351,
                    -0.09968388320211513,
                    0.10512399480931743,
                    0.11167196646625326
                ],
                [
                    0.13897538595599773,
                    -0.44819316848202445,
                    0.8830677923151904,
                    3.965006397405286
                ],
                [
                    -0.04091177035162128,
                    0.8883614169670982,
                    0.45731851033049764,
                    0.8470686321374361
                ],
                [
                    0.0,
                    0.0,
                    0.0,
                    1.0
                ]
            ],
            "colmap_im_id": 245
        },
        {
            "file_path": "images/000244.jpg",
            "transform_matrix": [
                [
                    -0.9927537125020421,
                    -0.09073244468385218,
                    0.0787888938563268,
                    -0.27830503056361117
                ],
                [
                    0.1118310599527055,
                    -0.4576410074262636,
                    0.8820762565400615,
                    3.8654222984526303
                ],
                [
                    -0.0439759063950502,
                    0.8844955239025045,
                    0.4644715145766934,
                    0.8100790838940588
                ],
                [
                    0.0,
                    0.0,
                    0.0,
                    1.0
                ]
            ],
            "colmap_im_id": 244
        },
        {
            "file_path": "images/000243.jpg",
            "transform_matrix": [
                [
                    -0.9963321826968217,
                    -0.07051137215794329,
                    0.048480182745016406,
                    -0.6027222168774612
                ],
                [
                    0.07594572832043169,
                    -0.4676208847907096,
                    0.8806605216866668,
                    3.69083088872643
                ],
                [
                    -0.03942623583941722,
                    0.8811122825746774,
                    0.47126077433155483,
                    0.7563839514168141
                ],
                [
                    0.0,
                    0.0,
                    0.0,
                    1.0
                ]
            ],
            "colmap_im_id": 243
        },
        {
            "file_path": "images/000242.jpg",
            "transform_matrix": [
                [
                    -0.9979464160978292,
                    -0.03776052337082398,
                    -0.05174063656604199,
                    -0.9221805356708781
                ],
                [
                    -0.028140021247579066,
                    -0.4671914634519554,
                    0.8837082525821548,
                    3.5233812209894517
                ],
                [
                    -0.0575420698418434,
                    0.8833494661527687,
                    0.4651694646534043,
                    0.7072180903766646
                ],
                [
                    0.0,
                    0.0,
                    0.0,
                    1.0
                ]
            ],
            "colmap_im_id": 242
        },
        {
            "file_path": "images/000241.jpg",
            "transform_matrix": [
                [
                    -0.9831885090018241,
                    -0.002808302419094275,
                    -0.1825718193048793,
                    -1.2977976257680255
                ],
                [
                    -0.16049647129801806,
                    -0.4635055266680303,
                    0.8714376107611358,
                    3.3245018316680652
                ],
                [
                    -0.08707030761203878,
                    0.8860895779692449,
                    0.4552625850502434,
                    0.6590635839721168
                ],
                [
                    0.0,
                    0.0,
                    0.0,
                    1.0
                ]
            ],
            "colmap_im_id": 241
        },
        {
            "file_path": "images/000240.jpg",
            "transform_matrix": [
                [
                    -0.9444452666804012,
                    0.018637101360821723,
                    -0.32813990415347505,
                    -1.590311850282277
                ],
                [
                    -0.3001319719281895,
                    -0.45581729906452906,
                    0.8379447411971829,
                    3.0585353805021214
                ],
                [
                    -0.1339549837500711,
                    0.889878221065323,
                    0.43608808055498843,
                    0.5778792954002325
                ],
                [
                    0.0,
                    0.0,
                    0.0,
                    1.0
                ]
            ],
            "colmap_im_id": 240
        },
        {
            "file_path": "images/000239.jpg",
            "transform_matrix": [
                [
                    -0.8990719539932219,
                    0.023766949916197096,
                    -0.4371552969306115,
                    -1.93186450792376
                ],
                [
                    -0.3998100641426473,
                    -0.4514307847186678,
                    0.7977231093672419,
                    2.7808792286531028
                ],
                [
                    -0.1783859135499839,
                    0.8919895619904803,
                    0.41537102348017596,
                    0.5228087814821779
                ],
                [
                    0.0,
                    0.0,
                    0.0,
                    1.0
                ]
            ],
            "colmap_im_id": 239
        },
        {
            "file_path": "images/000238.jpg",
            "transform_matrix": [
                [
                    -0.919399099529621,
                    0.013471521610910635,
                    -0.39309517154196744,
                    -2.042759352501743
                ],
                [
                    -0.3549915107610316,
                    -0.45877870782746116,
                    0.8145570112225206,
                    2.506273116697295
                ],
                [
                    -0.16937037247323505,
                    0.8884484314520746,
                    0.42658300666883797,
                    0.4472245474799034
                ],
                [
                    0.0,
                    0.0,
                    0.0,
                    1.0
                ]
            ],
            "colmap_im_id": 238
        },
        {
            "file_path": "images/000237.jpg",
            "transform_matrix": [
                [
                    -0.9771438824133538,
                    -0.026019157432506983,
                    -0.21098065434693486,
                    -2.0662840476511835
                ],
                [
                    -0.1745082158059026,
                    -0.46858311897363536,
                    0.8660119763774524,
                    2.5167817989543884
                ],
                [
                    -0.12139487500878667,
                    0.8830361623735703,
                    0.45333257136693667,
                    0.4385667197118556
                ],
                [
                    0.0,
                    0.0,
                    0.0,
                    1.0
                ]
            ],
            "colmap_im_id": 237
        },
        {
            "file_path": "images/000236.jpg",
            "transform_matrix": [
                [
                    -0.9961114005718047,
                    -0.08154227885225812,
                    -0.033360671612820546,
                    -1.9743914222127292
                ],
                [
                    0.00906248777575012,
                    -0.471481419679879,
                    0.8818294292049682,
                    2.5797715269120096
                ],
                [
                    -0.087635318029846,
                    0.8780980171121139,
                    0.47038699320621247,
                    0.4784736958822551
                ],
                [
                    0.0,
                    0.0,
                    0.0,
                    1.0
                ]
            ],
            "colmap_im_id": 236
        },
        {
            "file_path": "images/000235.jpg",
            "transform_matrix": [
                [
                    -0.9973614517343349,
                    -0.04719357031290297,
                    -0.05516250099027027,
                    -2.0237105509103883
                ],
                [
                    -0.02660129682518888,
                    -0.4694237485473653,
                    0.8825722153495195,
                    2.718172319233533
                ],
                [
                    -0.0675463218954125,
                    0.8817109000238463,
                    0.46692974115763947,
                    0.5060756144314952
                ],
                [
                    0.0,
                    0.0,
                    0.0,
                    1.0
                ]
            ],
            "colmap_im_id": 235
        },
        {
            "file_path": "images/000234.jpg",
            "transform_matrix": [
                [
                    -0.9835302499598899,
                    -0.00038565159476928817,
                    -0.1807431843436546,
                    -2.31087184691637
                ],
                [
                    -0.15988561344863528,
                    -0.4644949138272483,
                    0.8710229994901231,
                    2.7583606737770063
                ],
                [
                    -0.08429020124540239,
                    0.8855757033147784,
                    0.45678313855980385,
                    0.5132734205134186
                ],
                [
                    0.0,
                    0.0,
                    0.0,
                    1.0
                ]
            ],
            "colmap_im_id": 234
        },
        {
            "file_path": "images/000233.jpg",
            "transform_matrix": [
                [
                    -0.9391488529164256,
                    0.05834010256773332,
                    -0.3385201094442509,
                    -2.5796222371267556
                ],
                [
                    -0.328191406095621,
                    -0.44339788740548974,
                    0.8340795611986467,
                    2.581985186680601
                ],
                [
                    -0.101438814221877,
                    0.8944242538508975,
                    0.43556333763589944,
                    0.47177631921565655
                ],
                [
                    0.0,
                    0.0,
                    0.0,
                    1.0
                ]
            ],
            "colmap_im_id": 233
        },
        {
            "file_path": "images/000232.jpg",
            "transform_matrix": [
                [
                    -0.8203591251137856,
                    0.12155407271127208,
                    -0.558780380158294,
                    -2.9151933989240493
                ],
                [
                    -0.5544747129812889,
                    -0.40811442260655156,
                    0.7252588577362145,
                    2.3813031218637595
                ],
                [
                    -0.13988816428440964,
                    0.9048023129213496,
                    0.4021990502541176,
                    0.4455424036619391
                ],
                [
                    0.0,
                    0.0,
                    0.0,
                    1.0
                ]
            ],
            "colmap_im_id": 232
        },
        {
            "file_path": "images/000231.jpg",
            "transform_matrix": [
                [
                    -0.6463898135018746,
                    0.16418621464126545,
                    -0.7451329384229255,
                    -3.1885376551571962
                ],
                [
                    -0.7412362452366763,
                    -0.36674310393475407,
                    0.5621995415008226,
                    2.259537294477978
                ],
                [
                    -0.18096695208917257,
                    0.9157195982603379,
                    0.3587597798157991,
                    0.3630772082360031
                ],
                [
                    0.0,
                    0.0,
                    0.0,
                    1.0
                ]
            ],
            "colmap_im_id": 231
        },
        {
            "file_path": "images/000230.jpg",
            "transform_matrix": [
                [
                    -0.4965882289791971,
                    0.17879056058296222,
                    -0.8493727487303402,
                    -3.5266423403917067
                ],
                [
                    -0.8447841310334852,
                    -0.3242974649585135,
                    0.42564178151995385,
                    2.174899311546502
                ],
                [
                    -0.19934869649261058,
                    0.9289053179242284,
                    0.312081732145259,
                    0.20671600938406523
                ],
                [
                    0.0,
                    0.0,
                    0.0,
                    1.0
                ]
            ],
            "colmap_im_id": 230
        },
        {
            "file_path": "images/000229.jpg",
            "transform_matrix": [
                [
                    -0.3872680159086488,
                    0.1846033741235791,
                    -0.9032967829658023,
                    -3.813943889924524
                ],
                [
                    -0.9000472135972172,
                    -0.2880693051779585,
                    0.3270031937308457,
                    1.9123715240774142
                ],
                [
                    -0.19984618372654325,
                    0.9396476305916375,
                    0.2777117807610231,
                    0.07973133195669556
                ],
                [
                    0.0,
                    0.0,
                    0.0,
                    1.0
                ]
            ],
            "colmap_im_id": 229
        },
        {
            "file_path": "images/000228.jpg",
            "transform_matrix": [
                [
                    -0.28084785485178904,
                    0.1806190141128515,
                    -0.942603444809136,
                    -3.9516261701704485
                ],
                [
                    -0.9386544216653332,
                    -0.2564893847582125,
                    0.23052347428076078,
                    1.6328326307599554
                ],
                [
                    -0.2001308549756067,
                    0.9495209145918035,
                    0.24157332973546033,
                    -0.03045182828725719
                ],
                [
                    0.0,
                    0.0,
                    0.0,
                    1.0
                ]
            ],
            "colmap_im_id": 228
        },
        {
            "file_path": "images/000227.jpg",
            "transform_matrix": [
                [
                    -0.24563260777339743,
                    0.17541901095481177,
                    -0.9533586904172405,
                    -3.9345858154508893
                ],
                [
                    -0.9526526786327499,
                    -0.22550949209973126,
                    0.20395671812119207,
                    1.1973322640923998
                ],
                [
                    -0.179213548294448,
                    0.9583181306688071,
                    0.22250587529132052,
                    -0.1171009118289793
                ],
                [
                    0.0,
                    0.0,
                    0.0,
                    1.0
                ]
            ],
            "colmap_im_id": 227
        },
        {
            "file_path": "images/000226.jpg",
            "transform_matrix": [
                [
                    -0.08215946847412299,
                    0.15926279049779588,
                    -0.9838115598542764,
                    -3.713098451538819
                ],
                [
                    -0.9807205963219984,
                    -0.18853970265576234,
                    0.05137988392649725,
                    0.8205124421429549
                ],
                [
                    -0.17730463527464022,
                    0.9690656036024247,
                    0.1716826206253705,
                    -0.22074581204085839
                ],
                [
                    0.0,
                    0.0,
                    0.0,
                    1.0
                ]
            ],
            "colmap_im_id": 226
        },
        {
            "file_path": "images/000225.jpg",
            "transform_matrix": [
                [
                    0.03794381926069572,
                    0.1175600926267451,
                    -0.9923406124922542,
                    -3.5227827219075456
                ],
                [
                    -0.9847194023111838,
                    -0.16450710468820653,
                    -0.05714115171230252,
                    0.48369752686111633
                ],
                [
                    -0.16996460011371947,
                    0.9793452083554066,
                    0.1095216762996662,
                    -0.26916577793756324
                ],
                [
                    0.0,
                    0.0,
                    0.0,
                    1.0
                ]
            ],
            "colmap_im_id": 225
        },
        {
            "file_path": "images/000224.jpg",
            "transform_matrix": [
                [
                    0.1305403027108978,
                    0.10081423632974064,
                    -0.9863040703157412,
                    -3.3547589074790682
                ],
                [
                    -0.9784048257159779,
                    -0.14770586371901231,
                    -0.14459244391982495,
                    0.12347352401843469
                ],
                [
                    -0.16025987140839199,
                    0.9838798034192345,
                    0.07935556716383478,
                    -0.3322357709705087
                ],
                [
                    0.0,
                    0.0,
                    0.0,
                    1.0
                ]
            ],
            "colmap_im_id": 224
        },
        {
            "file_path": "images/000223.jpg",
            "transform_matrix": [
                [
                    0.3025279169681416,
                    0.07756826143087779,
                    -0.9499789599109594,
                    -3.2299608603613326
                ],
                [
                    -0.9424463437696649,
                    -0.12453919055389136,
                    -0.310298048868136,
                    -0.10323262838341367
                ],
                [
                    -0.14237889088663333,
                    0.9891780197895486,
                    0.03542734247893306,
                    -0.36520353635905406
                ],
                [
                    0.0,
                    0.0,
                    0.0,
                    1.0
                ]
            ],
            "colmap_im_id": 223
        },
        {
            "file_path": "images/000222.jpg",
            "transform_matrix": [
                [
                    0.3963796717281329,
                    0.05398814788176816,
                    -0.9164979191078364,
                    -3.044775078854768
                ],
                [
                    -0.910726233326448,
                    -0.10303170258947449,
                    -0.3999527424490726,
                    -0.21001448834379002
                ],
                [
                    -0.1160210488304501,
                    0.9932118344793371,
                    0.00832875011462746,
                    -0.32858497050641605
                ],
                [
                    0.0,
                    0.0,
                    0.0,
                    1.0
                ]
            ],
            "colmap_im_id": 222
        },
        {
            "file_path": "images/000221.jpg",
            "transform_matrix": [
                [
                    0.5939922688492933,
                    0.017286848747402727,
                    -0.8042849926535077,
                    -2.865354589287167
                ],
                [
                    -0.8016262088359571,
                    -0.07128153390154628,
                    -0.5935607502454429,
                    -0.18915372522912005
                ],
                [
                    -0.06759146288222377,
                    0.9973064262226665,
                    -0.028483089025136236,
                    -0.23069151333016336
                ],
                [
                    0.0,
                    0.0,
                    0.0,
                    1.0
                ]
            ],
            "colmap_im_id": 221
        },
        {
            "file_path": "images/000220.jpg",
            "transform_matrix": [
                [
                    0.7972472061510301,
                    -0.009725670191109832,
                    -0.6035746048532118,
                    -2.6601720823258845
                ],
                [
                    -0.6031364093009851,
                    -0.054188664530122437,
                    -0.7957952377414408,
                    -0.2950586962018404
                ],
                [
                    -0.024967259759362804,
                    0.9984833498740855,
                    -0.04906766719880715,
                    -0.21468404643398445
                ],
                [
                    0.0,
                    0.0,
                    0.0,
                    1.0
                ]
            ],
            "colmap_im_id": 220
        },
        {
            "file_path": "images/000219.jpg",
            "transform_matrix": [
                [
                    0.8608112061704796,
                    -0.015358360340371469,
                    -0.5086926263461852,
                    -2.348671953567052
                ],
                [
                    -0.5088351849792436,
                    -0.04469040834040845,
                    -0.8597031591947923,
                    -0.40049513797049746
                ],
                [
                    -0.009530050286496476,
                    0.9988828200394793,
                    -0.046284878432529056,
                    -0.20147140925399687
                ],
                [
                    0.0,
                    0.0,
                    0.0,
                    1.0
                ]
            ],
            "colmap_im_id": 219
        },
        {
            "file_path": "images/000218.jpg",
            "transform_matrix": [
                [
                    0.8819898893854085,
                    -0.019330827441011302,
                    -0.47087169604082235,
                    -2.199551024602047
                ],
                [
                    -0.4712587692944306,
                    -0.04254042165261323,
                    -0.8809684925629954,
                    -0.6412774061807187
                ],
                [
                    -0.003001230583154607,
                    0.9989077192794455,
                    -0.046630043737090975,
                    -0.2477532356870818
                ],
                [
                    0.0,
                    0.0,
                    0.0,
                    1.0
                ]
            ],
            "colmap_im_id": 218
        },
        {
            "file_path": "images/000217.jpg",
            "transform_matrix": [
                [
                    0.8718912582796928,
                    -0.010093414135076478,
                    -0.4895955031723148,
                    -2.064033791213941
                ],
                [
                    -0.4895039551161717,
                    -0.04621748067261163,
                    -0.8707754144473201,
                    -0.8988350041060709
                ],
                [
                    -0.013838773828604376,
                    0.9988804069914349,
                    -0.04523738351790614,
                    -0.30759358190508773
                ],
                [
                    0.0,
                    0.0,
                    0.0,
                    1.0
                ]
            ],
            "colmap_im_id": 217
        },
        {
            "file_path": "images/000216.jpg",
            "transform_matrix": [
                [
                    0.8148010517615754,
                    -0.0012242349495548165,
                    -0.5797393787703392,
                    -1.9746070119026622
                ],
                [
                    -0.5789335679015218,
                    -0.05446676772170095,
                    -0.8135534986531399,
                    -1.1821371368602789
                ],
                [
                    -0.030580549456223505,
                    0.9985148333714119,
                    -0.04508833033299087,
                    -0.35667206208625407
                ],
                [
                    0.0,
                    0.0,
                    0.0,
                    1.0
                ]
            ],
            "colmap_im_id": 216
        },
        {
            "file_path": "images/000215.jpg",
            "transform_matrix": [
                [
                    0.760287227047059,
                    0.00500228690994794,
                    -0.6495677866972499,
                    -1.7890671707860717
                ],
                [
                    -0.6481880465601797,
                    -0.05975100325621082,
                    -0.7591324481975293,
                    -1.4089251813221944
                ],
                [
                    -0.042609725246612266,
                    0.9982007787692548,
                    -0.04218550199845161,
                    -0.4034262773666452
                ],
                [
                    0.0,
                    0.0,
                    0.0,
                    1.0
                ]
            ],
            "colmap_im_id": 215
        },
        {
            "file_path": "images/000214.jpg",
            "transform_matrix": [
                [
                    0.7462099598761179,
                    0.002392653947331457,
                    -0.6657063699475699,
                    -1.6049355927280726
                ],
                [
                    -0.664335089525126,
                    -0.06157575130443826,
                    -0.7448941640776471,
                    -1.6964009060106828
                ],
                [
                    -0.04277364383969648,
                    0.9980995451649011,
                    -0.04435891493592361,
                    -0.4473571400113848
                ],
                [
                    0.0,
                    0.0,
                    0.0,
                    1.0
                ]
            ],
            "colmap_im_id": 214
        },
        {
            "file_path": "images/000213.jpg",
            "transform_matrix": [
                [
                    0.8356483415655821,
                    -0.006863807558803903,
                    -0.5492219381857285,
                    -1.4671257528167112
                ],
                [
                    -0.5486630325227514,
                    -0.057225635498758816,
                    -0.8340827916847952,
                    -1.9817368957853494
                ],
                [
                    -0.025704590672303986,
                    0.9983376757327947,
                    -0.05158642486944025,
                    -0.4859749519121313
                ],
                [
                    0.0,
                    0.0,
                    0.0,
                    1.0
                ]
            ],
            "colmap_im_id": 213
        },
        {
            "file_path": "images/000212.jpg",
            "transform_matrix": [
                [
                    0.8482808476663547,
                    -0.0028948895476844393,
                    -0.529538688951957,
                    -1.2846712981843937
                ],
                [
                    -0.5286121502246653,
                    -0.06400954418098731,
                    -0.8464466745688106,
                    -2.2104235118455486
                ],
                [
                    -0.03144516047513088,
                    0.9979450876016421,
                    -0.05582834418504929,
                    -0.5269521136374447
                ],
                [
                    0.0,
                    0.0,
                    0.0,
                    1.0
                ]
            ],
            "colmap_im_id": 212
        },
        {
            "file_path": "images/000211.jpg",
            "transform_matrix": [
                [
                    0.8608480549830101,
                    -0.0006106941637487323,
                    -0.5088617231474644,
                    -1.00524862702287
                ],
                [
                    -0.5076556103957292,
                    -0.06985103593862435,
                    -0.8587238287202936,
                    -2.4165159469060256
                ],
                [
                    -0.0350201008808924,
                    0.9975572463928772,
                    -0.06044115074477609,
                    -0.5682946823491571
                ],
                [
                    0.0,
                    0.0,
                    0.0,
                    1.0
                ]
            ],
            "colmap_im_id": 211
        },
        {
            "file_path": "images/000210.jpg",
            "transform_matrix": [
                [
                    0.8743142926767946,
                    0.005623357936162903,
                    -0.48532761663292795,
                    -0.6407828156658114
                ],
                [
                    -0.48414687795974487,
                    -0.06055482510367397,
                    -0.8728888323941917,
                    -2.6018705792823793
                ],
                [
                    -0.03429749528622174,
                    0.9981490324606765,
                    -0.05022141789024228,
                    -0.6001598317568232
                ],
                [
                    0.0,
                    0.0,
                    0.0,
                    1.0
                ]
            ],
            "colmap_im_id": 210
        },
        {
            "file_path": "images/000209.jpg",
            "transform_matrix": [
                [
                    0.924690092059832,
                    0.014964568663362203,
                    -0.38042646507715394,
                    -0.21641739251995143
                ],
                [
                    -0.3799629418834894,
                    -0.026737861889237723,
                    -0.9246151899773419,
                    -2.658984595754893
                ],
                [
                    -0.02400825777984748,
                    0.9995304639811192,
                    -0.01903825443849372,
                    -0.5719977983809434
                ],
                [
                    0.0,
                    0.0,
                    0.0,
                    1.0
                ]
            ],
            "colmap_im_id": 209
        },
        {
            "file_path": "images/000208.jpg",
            "transform_matrix": [
                [
                    0.9456533608945712,
                    0.030178294393468693,
                    -0.3237730556675504,
                    0.06736644999583613
                ],
                [
                    -0.3231422619291159,
                    -0.023983503705743897,
                    -0.9460464418332385,
                    -2.7919287914592825
                ],
                [
                    -0.03631528031195975,
                    0.9992567548420664,
                    -0.012928198573895893,
                    -0.5764963572945583
                ],
                [
                    0.0,
                    0.0,
                    0.0,
                    1.0
                ]
            ],
            "colmap_im_id": 208
        },
        {
            "file_path": "images/000207.jpg",
            "transform_matrix": [
                [
                    0.9051443537171913,
                    0.06052025172109731,
                    -0.4207742839878678,
                    0.47677708865493573
                ],
                [
                    -0.419724750469105,
                    -0.029739401405776203,
                    -0.9071640986324766,
                    -2.9091209151454995
                ],
                [
                    -0.0674153749343231,
                    0.9977238431227557,
                    -0.0015166037134024396,
                    -0.5862835689457495
                ],
                [
                    0.0,
                    0.0,
                    0.0,
                    1.0
                ]
            ],
